# Made in Blockbench 4.2.4
mtllib crop_sullenhydrangea_stage2.mtl

o cube_2
v 0.6366270070665634 0.8832088372100821 0.5099040667826641
v 0.5540354846792255 0.818504075934452 0.2829857239850719
v 0.6587573387919076 0.641727380637815 0.5707066534830876
v 0.5761658164045695 0.5770226193621849 0.34378831068549537
v 0.31911232948274837 0.8185040759344521 0.36849075981648893
v 0.4017038518700863 0.8832088372100821 0.5954091026140812
v 0.34124266120809243 0.577022619362185 0.4292933465169124
v 0.4238341835954304 0.6417273806378151 0.6562116893145047
vt 0 0.5
vt 0.125 0.5
vt 0.125 0.375
vt 0 0.375
vt 0 0.5
vt 0.125 0.5
vt 0.125 0.375
vt 0 0.375
vt 0 0.5
vt 0.125 0.5
vt 0.125 0.375
vt 0 0.375
vt 0 0.5
vt 0.125 0.5
vt 0.125 0.375
vt 0 0.375
vt 0 0.5
vt 0.125 0.5
vt 0.125 0.375
vt 0 0.375
vt 0 0.5
vt 0.125 0.5
vt 0.125 0.375
vt 0 0.375
vn -0.33036608954935176 -0.2588190451025205 -0.9076733711903688
vn 0.9396926207859085 -2.914335439641036e-16 -0.3420201433256683
vn 0.33036608954935176 0.2588190451025205 0.9076733711903688
vn -0.9396926207859085 2.914335439641036e-16 0.3420201433256683
vn -0.08852132690137642 0.9659258262890683 -0.24321034680169393
vn 0.08852132690137642 -0.9659258262890683 0.24321034680169393
usemtl m_0
f 4/4/1 7/3/1 5/2/1 2/1/1
f 3/8/2 4/7/2 2/6/2 1/5/2
f 8/12/3 3/11/3 1/10/3 6/9/3
f 7/16/4 8/15/4 6/14/4 5/13/4
f 6/20/5 1/19/5 2/18/5 5/17/5
f 7/24/6 4/23/6 3/22/6 8/21/6
o cube_3
v 0.7206018320002946 0.7441622827481078 0.5188972836405221
v 0.8244828869794802 0.6956337117913851 0.3705397620337302
v 0.6927669872097287 0.5630511903189075 0.5586495617461448
v 0.7966480421889144 0.5145226193621849 0.41029204013935283
v 0.6708918786752944 0.6956337117913852 0.26299418021790893
v 0.5670108236961087 0.7441622827481079 0.4113517018247009
v 0.6430570338847285 0.5145226193621849 0.30274645832353164
v 0.5391759789055428 0.5630511903189076 0.4511039799303236
vt 0.125 0.5
vt 0.21875 0.5
vt 0.21875 0.40625
vt 0.125 0.40625
vt 0.125 0.5
vt 0.21875 0.5
vt 0.21875 0.40625
vt 0.125 0.40625
vt 0.125 0.5
vt 0.21875 0.5
vt 0.21875 0.40625
vt 0.125 0.40625
vt 0.125 0.5
vt 0.21875 0.5
vt 0.21875 0.40625
vt 0.125 0.40625
vt 0.125 0.5
vt 0.21875 0.5
vt 0.21875 0.40625
vt 0.125 0.40625
vt 0.125 0.5
vt 0.21875 0.5
vt 0.21875 0.40625
vt 0.125 0.40625
vn 0.5540322932223237 -0.2588190451025208 -0.7912401152362236
vn 0.8191520442889915 -2.7755575615628914e-16 0.5735764363510464
vn -0.5540322932223237 0.2588190451025208 0.7912401152362236
vn -0.8191520442889915 2.7755575615628914e-16 -0.5735764363510464
vn 0.1484525055496849 0.9659258262890682 -0.2120121498966545
vn -0.1484525055496849 -0.9659258262890682 0.2120121498966545
usemtl m_0
f 12/28/7 15/27/7 13/26/7 10/25/7
f 11/32/8 12/31/8 10/30/8 9/29/8
f 16/36/9 11/35/9 9/34/9 14/33/9
f 15/40/10 16/39/10 14/38/10 13/37/10
f 14/44/11 9/43/11 10/42/11 13/41/11
f 15/48/12 12/47/12 11/46/12 16/45/12
o cube_4
v 0.4290522465648741 0.7490866855350959 0.6396119147867854
v 0.349811322488493 0.7490866855350959 0.4696792047174135
v 0.45123291614386324 0.5631907740275064 0.6292688986990971
v 0.3719919920674821 0.5631907740275065 0.45933618862972525
v 0.1813324103108887 0.7246130244938362 0.5482422117034538
v 0.2605733343872698 0.7246130244938362 0.7181749217728256
v 0.20351307988987782 0.5387171129862468 0.5378991956157655
v 0.28275400396625894 0.5387171129862468 0.7078319056851374
vt 0.125 0.5
vt 0.21875 0.5
vt 0.21875 0.40625
vt 0.125 0.40625
vt 0.125 0.5
vt 0.21875 0.5
vt 0.21875 0.40625
vt 0.125 0.40625
vt 0.125 0.5
vt 0.21875 0.5
vt 0.21875 0.40625
vt 0.125 0.40625
vt 0.125 0.5
vt 0.21875 0.5
vt 0.21875 0.40625
vt 0.125 0.40625
vt 0.125 0.5
vt 0.21875 0.5
vt 0.21875 0.40625
vt 0.125 0.40625
vt 0.125 0.5
vt 0.21875 0.5
vt 0.21875 0.40625
vt 0.125 0.40625
vn -0.4226182617406992 1.1102230246251568e-16 -0.9063077870366502
vn 0.8985541982805564 0.13052619222005157 -0.41900270392554817
vn 0.4226182617406992 -1.1102230246251568e-16 0.9063077870366502
vn -0.8985541982805564 -0.13052619222005157 0.41900270392554817
vn -0.11829690442127533 0.9914448613738104 0.05516275246767066
vn 0.11829690442127533 -0.9914448613738104 -0.05516275246767066
usemtl m_0
f 20/52/13 23/51/13 21/50/13 18/49/13
f 19/56/14 20/55/14 18/54/14 17/53/14
f 24/60/15 19/59/15 17/58/15 22/57/15
f 23/64/16 24/63/16 22/62/16 21/61/16
f 22/68/17 17/67/17 18/66/17 21/65/17
f 23/72/18 20/71/18 19/70/18 24/69/18
o cube_0
v 0.7209708691207961 0.75 0.2790291308792039
v 0.7209708691207961 0.75 0.2790291308792039
v 0.7209708691207961 -0.0625 0.2790291308792039
v 0.7209708691207961 -0.0625 0.2790291308792039
v 0.2790291308792039 0.75 0.7209708691207961
v 0.2790291308792039 0.75 0.7209708691207961
v 0.2790291308792039 -0.0625 0.7209708691207961
v 0.2790291308792039 -0.0625 0.7209708691207961
vt 0.8125 0.90625
vt 0.5 0.90625
vt 0.5 0.5
vt 0.8125 0.5
vt 0 1
vt 0 1
vt 0 0.59375
vt 0 0.59375
vt 0.5 0.90625
vt 0.8125 0.90625
vt 0.8125 0.5
vt 0.5 0.5
vt 0 1
vt 0 1
vt 0 0.59375
vt 0 0.59375
vt 0 1
vt 0.3125 1
vt 0.3125 1
vt 0 1
vt 0 1
vt 0.3125 1
vt 0.3125 1
vt 0 1
vn -0.7071067811865476 0 -0.7071067811865475
vn 0.7071067811865475 0 -0.7071067811865476
vn 0.7071067811865476 0 0.7071067811865475
vn -0.7071067811865475 0 0.7071067811865476
vn 0 1 0
vn 0 -1 0
usemtl m_0
f 28/76/19 31/75/19 29/74/19 26/73/19
f 27/80/20 28/79/20 26/78/20 25/77/20
f 32/84/21 27/83/21 25/82/21 30/81/21
f 31/88/22 32/87/22 30/86/22 29/85/22
usemtl none
f 30/92/23 25/91/23 26/90/23 29/89/23
usemtl m_0
f 31/96/24 28/95/24 27/94/24 32/93/24
o cube_1
v 0.2790291308792039 0.75 0.27902913087920383
v 0.2790291308792039 0.75 0.27902913087920383
v 0.2790291308792039 -0.0625 0.27902913087920383
v 0.2790291308792039 -0.0625 0.27902913087920383
v 0.7209708691207961 0.75 0.7209708691207961
v 0.7209708691207961 0.75 0.7209708691207961
v 0.7209708691207961 -0.0625 0.7209708691207961
v 0.7209708691207961 -0.0625 0.7209708691207961
vt 0.8125 0.90625
vt 0.5 0.90625
vt 0.5 0.5
vt 0.8125 0.5
vt 0 1
vt 0 1
vt 0 0.59375
vt 0 0.59375
vt 0.5 0.90625
vt 0.8125 0.90625
vt 0.8125 0.5
vt 0.5 0.5
vt 0 1
vt 0 1
vt 0 0.59375
vt 0 0.59375
vt 0 1
vt 0.3125 1
vt 0.3125 1
vt 0 1
vt 0 1
vt 0.3125 1
vt 0.3125 1
vt 0 1
vn -0.7071067811865477 0 0.7071067811865475
vn -0.7071067811865475 0 -0.7071067811865477
vn 0.7071067811865477 0 -0.7071067811865475
vn 0.7071067811865475 0 0.7071067811865477
vn 0 1 0
vn 0 -1 0
usemtl m_0
f 36/100/25 39/99/25 37/98/25 34/97/25
f 35/104/26 36/103/26 34/102/26 33/101/26
f 40/108/27 35/107/27 33/106/27 38/105/27
f 39/112/28 40/111/28 38/110/28 37/109/28
usemtl none
f 38/116/29 33/115/29 34/114/29 37/113/29
usemtl m_0
f 39/120/30 36/119/30 35/118/30 40/117/30