# Made in Blockbench 4.2.4
mtllib crop_sweetcyanreed_stage1.mtl

o cube_1
v 0.5660341033969842 0.75 0.35838940827552346
v 0.5660341033969842 0.75 0.35838940827552346
v 0.5660341033969842 -0.0625 0.35838940827552346
v 0.5660341033969842 -0.0625 0.35838940827552346
v 0.4339658966030157 0.75 0.6416105917244765
v 0.4339658966030157 0.75 0.6416105917244765
v 0.4339658966030157 -0.0625 0.6416105917244765
v 0.4339658966030157 -0.0625 0.6416105917244765
vt 0.15625 1
vt 0.3125 1
vt 0.3125 0.59375
vt 0.15625 0.59375
vt 0 1
vt 0 1
vt 0 0.71875
vt 0 0.71875
vt 0.3125 1
vt 0.15625 1
vt 0.15625 0.59375
vt 0.3125 0.59375
vt 0 1
vt 0 1
vt 0 0.71875
vt 0 0.71875
vt 0 1
vt 0.125 1
vt 0.125 1
vt 0 1
vt 0 1
vt 0.125 1
vt 0.125 1
vt 0 1
vn -0.9063077870366499 0 -0.42261826174069944
vn 0.42261826174069944 0 -0.9063077870366499
vn 0.9063077870366499 0 0.42261826174069944
vn -0.42261826174069944 0 0.9063077870366499
vn 0 1 0
vn 0 -1 0
usemtl m_0
f 4/4/1 7/3/1 5/2/1 2/1/1
usemtl none
f 3/8/2 4/7/2 2/6/2 1/5/2
usemtl m_0
f 8/12/3 3/11/3 1/10/3 6/9/3
usemtl none
f 7/16/4 8/15/4 6/14/4 5/13/4
f 6/20/5 1/19/5 2/18/5 5/17/5
f 7/24/6 4/23/6 3/22/6 8/21/6
o cube_2
v 0.6416105917244765 0.75 0.5660341033969843
v 0.6416105917244765 0.75 0.5660341033969843
v 0.6416105917244765 -0.0625 0.5660341033969843
v 0.6416105917244765 -0.0625 0.5660341033969843
v 0.35838940827552346 0.75 0.43396589660301566
v 0.35838940827552346 0.75 0.43396589660301566
v 0.35838940827552346 -0.0625 0.43396589660301566
v 0.35838940827552346 -0.0625 0.43396589660301566
vt 0.15625 1
vt 0.3125 1
vt 0.3125 0.59375
vt 0.15625 0.59375
vt 0 1
vt 0 1
vt 0 0.71875
vt 0 0.71875
vt 0.3125 1
vt 0.15625 1
vt 0.15625 0.59375
vt 0.3125 0.59375
vt 0 1
vt 0 1
vt 0 0.71875
vt 0 0.71875
vt 0 1
vt 0.125 1
vt 0.125 1
vt 0 1
vt 0 1
vt 0.125 1
vt 0.125 1
vt 0 1
vn 0.4226182617406996 0 -0.9063077870366498
vn 0.9063077870366498 0 0.4226182617406996
vn -0.4226182617406996 0 0.9063077870366498
vn -0.9063077870366498 0 -0.4226182617406996
vn 0 1 0
vn 0 -1 0
usemtl m_0
f 12/28/7 15/27/7 13/26/7 10/25/7
usemtl none
f 11/32/8 12/31/8 10/30/8 9/29/8
usemtl m_0
f 16/36/9 11/35/9 9/34/9 14/33/9
usemtl none
f 15/40/10 16/39/10 14/38/10 13/37/10
f 14/44/11 9/43/11 10/42/11 13/41/11
f 15/48/12 12/47/12 11/46/12 16/45/12
o cube_9
v 0.4804239307266107 0.4375 0.682837548956647
v 0.4804239307266107 0.4375 0.682837548956647
v 0.4804239307266107 -0.125 0.682837548956647
v 0.4804239307266107 -0.125 0.682837548956647
v 0.2695760692733893 0.4375 0.817162451043353
v 0.2695760692733893 0.4375 0.817162451043353
v 0.2695760692733893 -0.125 0.817162451043353
v 0.2695760692733893 -0.125 0.817162451043353
vt 0 1
vt 0.125 1
vt 0.125 0.71875
vt 0 0.71875
vt 0 1
vt 0 1
vt 0 0.71875
vt 0 0.71875
vt 0.125 1
vt 0 1
vt 0 0.71875
vt 0.125 0.71875
vt 0 1
vt 0 1
vt 0 0.71875
vt 0 0.71875
vt 0 1
vt 0.125 1
vt 0.125 1
vt 0 1
vt 0 1
vt 0.125 1
vt 0.125 1
vt 0 1
vn -0.537299608346824 0 -0.8433914458128857
vn 0.8433914458128857 0 -0.537299608346824
vn 0.537299608346824 0 0.8433914458128857
vn -0.8433914458128857 0 0.537299608346824
vn 0 1 0
vn 0 -1 0
usemtl m_0
f 20/52/13 23/51/13 21/50/13 18/49/13
usemtl none
f 19/56/14 20/55/14 18/54/14 17/53/14
usemtl m_0
f 24/60/15 19/59/15 17/58/15 22/57/15
usemtl none
f 23/64/16 24/63/16 22/62/16 21/61/16
f 22/68/17 17/67/17 18/66/17 21/65/17
f 23/72/18 20/71/18 19/70/18 24/69/18
o cube_10
v 0.44216245104335294 0.4375 0.8554239307266107
v 0.44216245104335294 0.4375 0.8554239307266107
v 0.44216245104335294 -0.125 0.8554239307266107
v 0.44216245104335294 -0.125 0.8554239307266107
v 0.30783754895664706 0.4375 0.6445760692733893
v 0.30783754895664706 0.4375 0.6445760692733893
v 0.30783754895664706 -0.125 0.6445760692733893
v 0.30783754895664706 -0.125 0.6445760692733893
vt 0 1
vt 0.125 1
vt 0.125 0.71875
vt 0 0.71875
vt 0 1
vt 0 1
vt 0 0.71875
vt 0 0.71875
vt 0.125 1
vt 0 1
vt 0 0.71875
vt 0.125 0.71875
vt 0 1
vt 0 1
vt 0 0.71875
vt 0 0.71875
vt 0 1
vt 0.125 1
vt 0.125 1
vt 0 1
vt 0 1
vt 0.125 1
vt 0.125 1
vt 0 1
vn 0.8433914458128857 0 -0.5372996083468238
vn 0.5372996083468238 0 0.8433914458128857
vn -0.8433914458128857 0 0.5372996083468238
vn -0.5372996083468238 0 -0.8433914458128857
vn 0 1 0
vn 0 -1 0
usemtl m_0
f 28/76/19 31/75/19 29/74/19 26/73/19
usemtl none
f 27/80/20 28/79/20 26/78/20 25/77/20
usemtl m_0
f 32/84/21 27/83/21 25/82/21 30/81/21
usemtl none
f 31/88/22 32/87/22 30/86/22 29/85/22
f 30/92/23 25/91/23 26/90/23 29/89/23
f 31/96/24 28/95/24 27/94/24 32/93/24
o cube_12
v 0.6870243372614682 0.5 0.26089446784345727
v 0.6870243372614682 0.5 0.26089446784345727
v 0.6870243372614682 -0.0625 0.26089446784345727
v 0.6870243372614682 -0.0625 0.26089446784345727
v 0.43797566273853183 0.5 0.23910553215654273
v 0.43797566273853183 0.5 0.23910553215654273
v 0.43797566273853183 -0.0625 0.23910553215654273
v 0.43797566273853183 -0.0625 0.23910553215654273
vt 0 1
vt 0.125 1
vt 0.125 0.71875
vt 0 0.71875
vt 0 1
vt 0 1
vt 0 0.71875
vt 0 0.71875
vt 0.125 1
vt 0 1
vt 0 0.71875
vt 0.125 0.71875
vt 0 1
vt 0 1
vt 0 0.71875
vt 0 0.71875
vt 0 1
vt 0.125 1
vt 0.125 1
vt 0 1
vt 0 1
vt 0.125 1
vt 0.125 1
vt 0 1
vn 0.08715574274765821 0 -0.9961946980917457
vn 0.9961946980917457 0 0.08715574274765821
vn -0.08715574274765821 0 0.9961946980917457
vn -0.9961946980917457 0 -0.08715574274765821
vn 0 1 0
vn 0 -1 0
usemtl m_0
f 36/100/25 39/99/25 37/98/25 34/97/25
usemtl none
f 35/104/26 36/103/26 34/102/26 33/101/26
usemtl m_0
f 40/108/27 35/107/27 33/106/27 38/105/27
usemtl none
f 39/112/28 40/111/28 38/110/28 37/109/28
f 38/116/29 33/115/29 34/114/29 37/113/29
f 39/120/30 36/119/30 35/118/30 40/117/30
o cube_11
v 0.5516055321565427 0.5 0.37452433726146817
v 0.5516055321565427 0.5 0.37452433726146817
v 0.5516055321565427 -0.0625 0.37452433726146817
v 0.5516055321565427 -0.0625 0.37452433726146817
v 0.5733944678434573 0.5 0.1254756627385318
v 0.5733944678434573 0.5 0.1254756627385318
v 0.5733944678434573 -0.0625 0.1254756627385318
v 0.5733944678434573 -0.0625 0.1254756627385318
vt 0 1
vt 0.125 1
vt 0.125 0.71875
vt 0 0.71875
vt 0 1
vt 0 1
vt 0 0.71875
vt 0 0.71875
vt 0.125 1
vt 0 1
vt 0 0.71875
vt 0.125 0.71875
vt 0 1
vt 0 1
vt 0 0.71875
vt 0 0.71875
vt 0 1
vt 0.125 1
vt 0.125 1
vt 0 1
vt 0 1
vt 0.125 1
vt 0.125 1
vt 0 1
vn 0.9961946980917455 0 0.08715574274765825
vn -0.08715574274765825 0 0.9961946980917455
vn -0.9961946980917455 0 -0.08715574274765825
vn 0.08715574274765825 0 -0.9961946980917455
vn 0 1 0
vn 0 -1 0
usemtl m_0
f 44/124/31 47/123/31 45/122/31 42/121/31
usemtl none
f 43/128/32 44/127/32 42/126/32 41/125/32
usemtl m_0
f 48/132/33 43/131/33 41/130/33 46/129/33
usemtl none
f 47/136/34 48/135/34 46/134/34 45/133/34
f 46/140/35 41/139/35 42/138/35 45/137/35
f 47/144/36 44/143/36 43/142/36 48/141/36
o cube_13
v 0.07421152662041879 0.375 0.3221727172824126
v 0.07421152662041879 0.375 0.3221727172824126
v 0.07421152662041879 -0.1875 0.3221727172824126
v 0.07421152662041879 -0.1875 0.3221727172824126
v 0.3007884733795812 0.375 0.4278272827175874
v 0.3007884733795812 0.375 0.4278272827175874
v 0.3007884733795812 -0.1875 0.4278272827175874
v 0.3007884733795812 -0.1875 0.4278272827175874
vt 0 1
vt 0.125 1
vt 0.125 0.71875
vt 0 0.71875
vt 0 1
vt 0 1
vt 0 0.71875
vt 0 0.71875
vt 0.125 1
vt 0 1
vt 0 0.71875
vt 0.125 0.71875
vt 0 1
vt 0 1
vt 0 0.71875
vt 0 0.71875
vt 0 1
vt 0.125 1
vt 0.125 1
vt 0 1
vt 0 1
vt 0.125 1
vt 0.125 1
vt 0 1
vn -0.42261826174069955 0 0.9063077870366499
vn -0.9063077870366499 0 -0.42261826174069955
vn 0.42261826174069955 0 -0.9063077870366499
vn 0.9063077870366499 0 0.42261826174069955
vn 0 1 0
vn 0 -1 0
usemtl m_0
f 52/148/37 55/147/37 53/146/37 50/145/37
usemtl none
f 51/152/38 52/151/38 50/150/38 49/149/38
usemtl m_0
f 56/156/39 51/155/39 49/154/39 54/153/39
usemtl none
f 55/160/40 56/159/40 54/158/40 53/157/40
f 54/164/41 49/163/41 50/162/41 53/161/41
f 55/168/42 52/167/42 51/166/42 56/165/42
o cube_14
v 0.24032728271758746 0.375 0.2617115266204188
v 0.24032728271758746 0.375 0.2617115266204188
v 0.24032728271758746 -0.1875 0.2617115266204188
v 0.24032728271758746 -0.1875 0.2617115266204188
v 0.13467271728241254 0.375 0.4882884733795812
v 0.13467271728241254 0.375 0.4882884733795812
v 0.13467271728241254 -0.1875 0.4882884733795812
v 0.13467271728241254 -0.1875 0.4882884733795812
vt 0 1
vt 0.125 1
vt 0.125 0.71875
vt 0 0.71875
vt 0 1
vt 0 1
vt 0 0.71875
vt 0 0.71875
vt 0.125 1
vt 0 1
vt 0 0.71875
vt 0.125 0.71875
vt 0 1
vt 0 1
vt 0 0.71875
vt 0 0.71875
vt 0 1
vt 0.125 1
vt 0.125 1
vt 0 1
vt 0 1
vt 0.125 1
vt 0.125 1
vt 0 1
vn -0.9063077870366497 0 -0.4226182617406997
vn 0.4226182617406997 0 -0.9063077870366497
vn 0.9063077870366497 0 0.4226182617406997
vn -0.4226182617406997 0 0.9063077870366497
vn 0 1 0
vn 0 -1 0
usemtl m_0
f 60/172/43 63/171/43 61/170/43 58/169/43
usemtl none
f 59/176/44 60/175/44 58/174/44 57/173/44
usemtl m_0
f 64/180/45 59/179/45 57/178/45 62/177/45
usemtl none
f 63/184/46 64/183/46 62/182/46 61/181/46
f 62/188/47 57/187/47 58/186/47 61/185/47
f 63/192/48 60/191/48 59/190/48 64/189/48
o cube_15
v 0.7302525179157087 0.3125 0.5549615775982385
v 0.7302525179157087 0.3125 0.5549615775982385
v 0.7302525179157087 -0.25 0.5549615775982385
v 0.7302525179157087 -0.25 0.5549615775982385
v 0.6447474820842913 0.3125 0.3200384224017615
v 0.6447474820842913 0.3125 0.3200384224017615
v 0.6447474820842913 -0.25 0.3200384224017615
v 0.6447474820842913 -0.25 0.3200384224017615
vt 0 1
vt 0.125 1
vt 0.125 0.71875
vt 0 0.71875
vt 0 1
vt 0 1
vt 0 0.71875
vt 0 0.71875
vt 0.125 1
vt 0 1
vt 0 0.71875
vt 0.125 0.71875
vt 0 1
vt 0 1
vt 0 0.71875
vt 0 0.71875
vt 0 1
vt 0.125 1
vt 0.125 1
vt 0 1
vt 0 1
vt 0.125 1
vt 0.125 1
vt 0 1
vn 0.9396926207859082 0 -0.34202014332566905
vn 0.34202014332566905 0 0.9396926207859082
vn -0.9396926207859082 0 0.34202014332566905
vn -0.34202014332566905 0 -0.9396926207859082
vn 0 1 0
vn 0 -1 0
usemtl m_0
f 68/196/49 71/195/49 69/194/49 66/193/49
usemtl none
f 67/200/50 68/199/50 66/198/50 65/197/50
usemtl m_0
f 72/204/51 67/203/51 65/202/51 70/201/51
usemtl none
f 71/208/52 72/207/52 70/206/52 69/205/52
f 70/212/53 65/211/53 66/210/53 69/209/53
f 71/216/54 68/215/54 67/214/54 72/213/54
o cube_16
v 0.5700384224017615 0.3125 0.4802525179157086
v 0.5700384224017615 0.3125 0.4802525179157086
v 0.5700384224017615 -0.25 0.4802525179157086
v 0.5700384224017615 -0.25 0.4802525179157086
v 0.8049615775982385 0.3125 0.3947474820842914
v 0.8049615775982385 0.3125 0.3947474820842914
v 0.8049615775982385 -0.25 0.3947474820842914
v 0.8049615775982385 -0.25 0.3947474820842914
vt 0 1
vt 0.125 1
vt 0.125 0.71875
vt 0 0.71875
vt 0 1
vt 0 1
vt 0 0.71875
vt 0 0.71875
vt 0.125 1
vt 0 1
vt 0 0.71875
vt 0.125 0.71875
vt 0 1
vt 0 1
vt 0 0.71875
vt 0 0.71875
vt 0 1
vt 0.125 1
vt 0.125 1
vt 0 1
vt 0 1
vt 0.125 1
vt 0.125 1
vt 0 1
vn 0.342020143325669 0 0.9396926207859083
vn -0.9396926207859083 0 0.342020143325669
vn -0.342020143325669 0 -0.9396926207859083
vn 0.9396926207859083 0 -0.342020143325669
vn 0 1 0
vn 0 -1 0
usemtl m_0
f 76/220/55 79/219/55 77/218/55 74/217/55
usemtl none
f 75/224/56 76/223/56 74/222/56 73/221/56
usemtl m_0
f 80/228/57 75/227/57 73/226/57 78/225/57
usemtl none
f 79/232/58 80/231/58 78/230/58 77/229/58
f 78/236/59 73/235/59 74/234/59 77/233/59
f 79/240/60 76/239/60 75/238/60 80/237/60
o cube_4
v 0.8160341033969842 0.5 0.5458894082755235
v 0.8160341033969842 0.5 0.5458894082755235
v 0.8160341033969842 -0.3125 0.5458894082755235
v 0.8160341033969842 -0.3125 0.5458894082755235
v 0.6839658966030158 0.5 0.8291105917244765
v 0.6839658966030158 0.5 0.8291105917244765
v 0.6839658966030158 -0.3125 0.8291105917244765
v 0.6839658966030158 -0.3125 0.8291105917244765
vt 0.15625 1
vt 0.3125 1
vt 0.3125 0.59375
vt 0.15625 0.59375
vt 0 1
vt 0 1
vt 0 0.71875
vt 0 0.71875
vt 0.3125 1
vt 0.15625 1
vt 0.15625 0.59375
vt 0.3125 0.59375
vt 0 1
vt 0 1
vt 0 0.71875
vt 0 0.71875
vt 0 1
vt 0.125 1
vt 0.125 1
vt 0 1
vt 0 1
vt 0.125 1
vt 0.125 1
vt 0 1
vn -0.9063077870366499 0 -0.42261826174069944
vn 0.42261826174069944 0 -0.9063077870366499
vn 0.9063077870366499 0 0.42261826174069944
vn -0.42261826174069944 0 0.9063077870366499
vn 0 1 0
vn 0 -1 0
usemtl m_0
f 84/244/61 87/243/61 85/242/61 82/241/61
usemtl none
f 83/248/62 84/247/62 82/246/62 81/245/62
usemtl m_0
f 88/252/63 83/251/63 81/250/63 86/249/63
usemtl none
f 87/256/64 88/255/64 86/254/64 85/253/64
f 86/260/65 81/259/65 82/258/65 85/257/65
f 87/264/66 84/263/66 83/262/66 88/261/66
o cube_3
v 0.8916105917244765 0.5 0.7535341033969843
v 0.8916105917244765 0.5 0.7535341033969843
v 0.8916105917244765 -0.3125 0.7535341033969843
v 0.8916105917244765 -0.3125 0.7535341033969843
v 0.6083894082755235 0.5 0.6214658966030157
v 0.6083894082755235 0.5 0.6214658966030157
v 0.6083894082755235 -0.3125 0.6214658966030157
v 0.6083894082755235 -0.3125 0.6214658966030157
vt 0.15625 1
vt 0.3125 1
vt 0.3125 0.59375
vt 0.15625 0.59375
vt 0 1
vt 0 1
vt 0 0.71875
vt 0 0.71875
vt 0.3125 1
vt 0.15625 1
vt 0.15625 0.59375
vt 0.3125 0.59375
vt 0 1
vt 0 1
vt 0 0.71875
vt 0 0.71875
vt 0 1
vt 0.125 1
vt 0.125 1
vt 0 1
vt 0 1
vt 0.125 1
vt 0.125 1
vt 0 1
vn 0.4226182617406996 0 -0.9063077870366498
vn 0.9063077870366498 0 0.4226182617406996
vn -0.4226182617406996 0 0.9063077870366498
vn -0.9063077870366498 0 -0.4226182617406996
vn 0 1 0
vn 0 -1 0
usemtl m_0
f 92/268/67 95/267/67 93/266/67 90/265/67
usemtl none
f 91/272/68 92/271/68 90/270/68 89/269/68
usemtl m_0
f 96/276/69 91/275/69 89/274/69 94/273/69
usemtl none
f 95/280/70 96/279/70 94/278/70 93/277/70
f 94/284/71 89/283/71 90/282/71 93/281/71
f 95/288/72 92/287/72 91/286/72 96/285/72
o cube_5
v 0.31832458387658186 0.5 0.5819390300600531
v 0.31832458387658186 0.5 0.5819390300600531
v 0.31832458387658186 -0.3125 0.5819390300600531
v 0.31832458387658186 -0.3125 0.5819390300600531
v 0.08792541612341813 0.5 0.7930609699399469
v 0.08792541612341813 0.5 0.7930609699399469
v 0.08792541612341813 -0.3125 0.7930609699399469
v 0.08792541612341813 -0.3125 0.7930609699399469
vt 0.15625 1
vt 0.3125 1
vt 0.3125 0.59375
vt 0.15625 0.59375
vt 0 1
vt 0 1
vt 0 0.71875
vt 0 0.71875
vt 0.3125 1
vt 0.15625 1
vt 0.15625 0.59375
vt 0.3125 0.59375
vt 0 1
vt 0 1
vt 0 0.71875
vt 0 0.71875
vt 0 1
vt 0.125 1
vt 0.125 1
vt 0 1
vt 0 1
vt 0.125 1
vt 0.125 1
vt 0 1
vn -0.6755902076156604 0 -0.7372773368101241
vn 0.7372773368101241 0 -0.6755902076156604
vn 0.6755902076156604 0 0.7372773368101241
vn -0.7372773368101241 0 0.6755902076156604
vn 0 1 0
vn 0 -1 0
usemtl m_0
f 100/292/73 103/291/73 101/290/73 98/289/73
usemtl none
f 99/296/74 100/295/74 98/294/74 97/293/74
usemtl m_0
f 104/300/75 99/299/75 97/298/75 102/297/75
usemtl none
f 103/304/76 104/303/76 102/302/76 101/301/76
f 102/308/77 97/307/77 98/306/77 101/305/77
f 103/312/78 100/311/78 99/310/78 104/309/78
o cube_6
v 0.3086859699399469 0.5 0.8026995838765819
v 0.3086859699399469 0.5 0.8026995838765819
v 0.3086859699399469 -0.3125 0.8026995838765819
v 0.3086859699399469 -0.3125 0.8026995838765819
v 0.0975640300600531 0.5 0.5723004161234181
v 0.0975640300600531 0.5 0.5723004161234181
v 0.0975640300600531 -0.3125 0.5723004161234181
v 0.0975640300600531 -0.3125 0.5723004161234181
vt 0.15625 1
vt 0.3125 1
vt 0.3125 0.59375
vt 0.15625 0.59375
vt 0 1
vt 0 1
vt 0 0.71875
vt 0 0.71875
vt 0.3125 1
vt 0.15625 1
vt 0.15625 0.59375
vt 0.3125 0.59375
vt 0 1
vt 0 1
vt 0 0.71875
vt 0 0.71875
vt 0 1
vt 0.125 1
vt 0.125 1
vt 0 1
vt 0 1
vt 0.125 1
vt 0.125 1
vt 0 1
vn 0.7372773368101241 0 -0.6755902076156601
vn 0.6755902076156601 0 0.7372773368101241
vn -0.7372773368101241 0 0.6755902076156601
vn -0.6755902076156601 0 -0.7372773368101241
vn 0 1 0
vn 0 -1 0
usemtl m_0
f 108/316/79 111/315/79 109/314/79 106/313/79
usemtl none
f 107/320/80 108/319/80 106/318/80 105/317/80
usemtl m_0
f 112/324/81 107/323/81 105/322/81 110/321/81
usemtl none
f 111/328/82 112/327/82 110/326/82 109/325/82
f 110/332/83 105/331/83 106/330/83 109/329/83
f 111/336/84 108/335/84 107/334/84 112/333/84