# Made in Blockbench 4.2.4
mtllib crop_nitritethorns_stage1.mtl

o cube_1
v 0.6149915694252591 0.3321165879193573 0.5625
v 0.6149915694252591 0.3321165879193573 0.4375
v 0.5578863603289865 -0.1016405389316848 0.5625
v 0.5578863603289865 -0.1016405389316848 0.4375
v 0.4910609617535328 0.34843236194686367 0.4375
v 0.4910609617535328 0.34843236194686367 0.5625
v 0.4339557526572603 -0.08532476490417835 0.4375
v 0.4339557526572603 -0.08532476490417835 0.5625
vt 0 0.875
vt 0.0625 0.875
vt 0.0625 0.65625
vt 0 0.65625
vt 0.0625 0.875
vt 0 0.875
vt 0 0.65625
vt 0.0625 0.65625
vt 0 0.875
vt 0.0625 0.875
vt 0.0625 0.65625
vt 0 0.65625
vt 0.0625 0.875
vt 0 0.875
vt 0 0.65625
vt 0.0625 0.65625
vt 0 0.65625
vt 0.0625 0.65625
vt 0.0625 0.59375
vt 0 0.59375
vt 0 0.65625
vt 0.0625 0.65625
vt 0.0625 0.59375
vt 0 0.59375
vn 0 0 -1
vn 0.9914448613738104 -0.13052619222005157 0
vn 0 0 1
vn -0.9914448613738104 0.13052619222005157 0
vn 0.13052619222005157 0.9914448613738104 0
vn -0.13052619222005157 -0.9914448613738104 0
usemtl m_0
f 4/4/1 7/3/1 5/2/1 2/1/1
f 3/8/2 4/7/2 2/6/2 1/5/2
f 8/12/3 3/11/3 1/10/3 6/9/3
f 7/16/4 8/15/4 6/14/4 5/13/4
f 6/20/5 1/19/5 2/18/5 5/17/5
f 7/24/6 4/23/6 3/22/6 8/21/6
o cube_4
v 0.4869820182466562 0.31744971002893213 0.5
v 0.4869820182466562 0.31744971002893213 0.5
v 0.4461925831778901 0.007623190849616379 0.5
v 0.4461925831778901 0.007623190849616379 0.5
v 0.32209033089588435 0.3391581125000612 0.41342213501843117
v 0.32209033089588435 0.3391581125000612 0.41342213501843117
v 0.2813008958271182 0.029331593320745503 0.41342213501843117
v 0.2813008958271182 0.029331593320745503 0.41342213501843117
vt 0.34375 0.875
vt 0.4375 0.875
vt 0.4375 0.71875
vt 0.34375 0.71875
vt 0 1
vt 0 1
vt 0 0.84375
vt 0 0.84375
vt 0.4375 0.875
vt 0.34375 0.875
vt 0.34375 0.71875
vt 0.4375 0.71875
vt 0 1
vt 0 1
vt 0 0.84375
vt 0 0.84375
vt 0 1
vt 0.09375 1
vt 0.09375 1
vt 0 1
vt 0 1
vt 0.09375 1
vt 0.09375 1
vt 0 1
vn 0.4577982898383574 -0.06027028824845829 -0.8870108331782217
vn 0.8794223325374501 -0.11577814651268867 0.46174861323503386
vn -0.4577982898383574 0.06027028824845829 0.8870108331782217
vn -0.8794223325374501 0.11577814651268867 -0.46174861323503386
vn 0.13052619222005157 0.9914448613738104 6.938893903907228e-18
vn -0.13052619222005157 -0.9914448613738104 -6.938893903907228e-18
usemtl m_0
f 12/28/7 15/27/7 13/26/7 10/25/7
usemtl none
f 11/32/8 12/31/8 10/30/8 9/29/8
usemtl m_0
f 16/36/9 11/35/9 9/34/9 14/33/9
usemtl none
f 15/40/10 16/39/10 14/38/10 13/37/10
f 14/44/11 9/43/11 10/42/11 13/41/11
f 15/48/12 12/47/12 11/46/12 16/45/12
o cube_2
v 0.7128022283676151 0.7117443504515284 0.6767766952966369
v 0.7128022283676151 0.7117443504515284 0.6767766952966369
v 0.729159498629616 0.33710126735833174 0.6767766952966369
v 0.729159498629616 0.33710126735833174 0.6767766952966369
v 0.35958534226116906 0.6963225681529124 0.32322330470336313
v 0.35958534226116906 0.6963225681529124 0.32322330470336313
v 0.37594261252317007 0.32167948505971583 0.32322330470336313
v 0.37594261252317007 0.32167948505971583 0.32322330470336313
vt 0.0625 0.875
vt 0.3125 0.875
vt 0.3125 0.6875
vt 0.0625 0.6875
vt 0 1
vt 0 1
vt 0 0.8125
vt 0 0.8125
vt 0.3125 0.875
vt 0.0625 0.875
vt 0.0625 0.6875
vt 0.3125 0.6875
vt 0 1
vt 0 1
vt 0 0.8125
vt 0 0.8125
vt 0 1
vt 0.25 1
vt 0.25 1
vt 0 1
vt 0 1
vt 0.25 1
vt 0.25 1
vt 0 1
vn 0.7064337722128923 0.030843564597231903 -0.7071067811865475
vn 0.7064337722128922 0.0308435645972319 0.7071067811865476
vn -0.7064337722128923 -0.030843564597231903 0.7071067811865475
vn -0.7064337722128922 -0.0308435645972319 -0.7071067811865476
vn -0.04361938736533599 0.9990482215818577 -3.469446951953614e-18
vn 0.04361938736533599 -0.9990482215818577 3.469446951953614e-18
usemtl m_0
f 20/52/13 23/51/13 21/50/13 18/49/13
usemtl none
f 19/56/14 20/55/14 18/54/14 17/53/14
usemtl m_0
f 24/60/15 19/59/15 17/58/15 22/57/15
usemtl none
f 23/64/16 24/63/16 22/62/16 21/61/16
f 22/68/17 17/67/17 18/66/17 21/65/17
f 23/72/18 20/71/18 19/70/18 24/69/18
o cube_3
v 0.7128022283676151 0.7117443504515284 0.32322330470336313
v 0.7128022283676151 0.7117443504515284 0.32322330470336313
v 0.729159498629616 0.33710126735833174 0.32322330470336313
v 0.729159498629616 0.33710126735833174 0.32322330470336313
v 0.35958534226116906 0.6963225681529124 0.6767766952966369
v 0.35958534226116906 0.6963225681529124 0.6767766952966369
v 0.37594261252317007 0.32167948505971583 0.6767766952966369
v 0.37594261252317007 0.32167948505971583 0.6767766952966369
vt 0.0625 0.875
vt 0.3125 0.875
vt 0.3125 0.6875
vt 0.0625 0.6875
vt 0 1
vt 0 1
vt 0 0.8125
vt 0 0.8125
vt 0.3125 0.875
vt 0.0625 0.875
vt 0.0625 0.6875
vt 0.3125 0.6875
vt 0 1
vt 0 1
vt 0 0.8125
vt 0 0.8125
vt 0 1
vt 0.25 1
vt 0.25 1
vt 0 1
vt 0 1
vt 0.25 1
vt 0.25 1
vt 0 1
vn -0.7064337722128923 -0.030843564597231903 -0.7071067811865475
vn 0.7064337722128922 0.0308435645972319 -0.7071067811865476
vn 0.7064337722128923 0.030843564597231903 0.7071067811865475
vn -0.7064337722128922 -0.0308435645972319 0.7071067811865476
vn -0.04361938736533599 0.9990482215818577 3.469446951953614e-18
vn 0.04361938736533599 -0.9990482215818577 -3.469446951953614e-18
usemtl m_0
f 28/76/19 31/75/19 29/74/19 26/73/19
usemtl none
f 27/80/20 28/79/20 26/78/20 25/77/20
usemtl m_0
f 32/84/21 27/83/21 25/82/21 30/81/21
usemtl none
f 31/88/22 32/87/22 30/86/22 29/85/22
f 30/92/23 25/91/23 26/90/23 29/89/23
f 31/96/24 28/95/24 27/94/24 32/93/24
o cube_5
v 0.7529922830875984 0.20362965673341302 0.6075455818158211
v 0.7529922830875984 0.20362965673341302 0.6075455818158211
v 0.7122028480188323 -0.1061968624459027 0.6075455818158211
v 0.7122028480188323 -0.1061968624459027 0.6075455818158211
v 0.600715267151191 0.22367730620659673 0.5
v 0.600715267151191 0.22367730620659673 0.5
v 0.5599258320824249 -0.08614921297271899 0.5
v 0.5599258320824249 -0.08614921297271899 0.5
vt 0.4375 0.875
vt 0.34375 0.875
vt 0.34375 0.71875
vt 0.4375 0.71875
vt 0 1
vt 0 1
vt 0 0.84375
vt 0 0.84375
vt 0.34375 0.875
vt 0.4375 0.875
vt 0.4375 0.71875
vt 0.34375 0.71875
vt 0 1
vt 0 1
vt 0 0.84375
vt 0 0.84375
vt 0 1
vt 0.09375 1
vt 0.09375 1
vt 0 1
vt 0 1
vt 0.09375 1
vt 0.09375 1
vt 0 1
vn 0.568669410425347 -0.07486674818404881 -0.8191520442889918
vn 0.8121440849941729 -0.10692079719031314 0.5735764363510459
vn -0.568669410425347 0.07486674818404881 0.8191520442889918
vn -0.8121440849941729 0.10692079719031314 -0.5735764363510459
vn 0.13052619222005157 0.9914448613738104 -6.938893903907228e-18
vn -0.13052619222005157 -0.9914448613738104 6.938893903907228e-18
usemtl m_0
f 36/100/25 39/99/25 37/98/25 34/97/25
usemtl none
f 35/104/26 36/103/26 34/102/26 33/101/26
usemtl m_0
f 40/108/27 35/107/27 33/106/27 38/105/27
usemtl none
f 39/112/28 40/111/28 38/110/28 37/109/28
f 38/116/29 33/115/29 34/114/29 37/113/29
f 39/120/30 36/119/30 35/118/30 40/117/30