# Made in Blockbench 4.2.4
mtllib crop_plamstem_stage2.mtl

o cube_2
v 0.7586241714370395 0.8956572656104582 0.3765025308241271
v 0.7586241714370395 0.8956572656104582 0.3765025308241271
v 0.8171153292148584 0.7293427343895418 0.3126706331038095
v 0.8171153292148584 0.7293427343895418 0.3126706331038095
v 0.6203846707851416 0.8956572656104582 0.24982936689619054
v 0.6203846707851416 0.8956572656104582 0.24982936689619054
v 0.6788758285629605 0.7293427343895418 0.18599746917587287
v 0.6788758285629605 0.7293427343895418 0.18599746917587287
vt 0.90625 1
vt 1 1
vt 1 0.90625
vt 0.90625 0.90625
vt 0 1
vt 0 1
vt 0 0.90625
vt 0 0.90625
vt 1 1
vt 0.90625 1
vt 0.90625 0.90625
vt 1 0.90625
vt 0 1
vt 0 1
vt 0 0.90625
vt 0 0.90625
vt 0 1
vt 0.09375 1
vt 0.09375 1
vt 0 1
vt 0 1
vt 0.09375 1
vt 0.09375 1
vt 0 1
vn 0.5992558329442159 0.4617486132350351 -0.6539729848073667
vn 0.7372773368101225 -4.996003610813204e-16 0.675590207615662
vn -0.5992558329442159 -0.4617486132350351 0.6539729848073667
vn -0.7372773368101225 4.996003610813204e-16 -0.675590207615662
vn -0.31195284148170094 0.8870108331782212 0.3404367878416941
vn 0.31195284148170094 -0.8870108331782212 -0.3404367878416941
usemtl m_0
f 4/4/1 7/3/1 5/2/1 2/1/1
usemtl none
f 3/8/2 4/7/2 2/6/2 1/5/2
usemtl m_0
f 8/12/3 3/11/3 1/10/3 6/9/3
usemtl none
f 7/16/4 8/15/4 6/14/4 5/13/4
f 6/20/5 1/19/5 2/18/5 5/17/5
f 7/24/6 4/23/6 3/22/6 8/21/6
o cube_3
v 0.7326123229214159 0.7081572656104582 0.6164229254819914
v 0.7326123229214159 0.7081572656104582 0.6164229254819914
v 0.8056313536436138 0.5418427343895417 0.6629411784280926
v 0.8056313536436138 0.5418427343895417 0.6629411784280926
v 0.6318686463563862 0.7081572656104583 0.7745588215719074
v 0.6318686463563862 0.7081572656104583 0.7745588215719074
v 0.7048876770785841 0.5418427343895418 0.8210770745180086
v 0.7048876770785841 0.5418427343895418 0.8210770745180086
vt 0.90625 1
vt 1 1
vt 1 0.90625
vt 0.90625 0.90625
vt 0 1
vt 0 1
vt 0 0.90625
vt 0 0.90625
vt 1 1
vt 0.90625 1
vt 0.90625 0.90625
vt 1 0.90625
vt 0 1
vt 0 1
vt 0 0.90625
vt 0 0.90625
vt 0 1
vt 0.09375 1
vt 0.09375 1
vt 0 1
vt 0 1
vt 0.09375 1
vt 0.09375 1
vt 0 1
vn -0.7480973490458726 -0.46174861323503336 -0.47659057326604937
vn 0.537299608346825 -3.053113317719181e-16 -0.8433914458128852
vn 0.7480973490458726 0.46174861323503336 0.47659057326604937
vn -0.537299608346825 3.053113317719181e-16 0.8433914458128852
vn -0.3894348305183892 0.887010833178222 -0.24809734904587322
vn 0.3894348305183892 -0.887010833178222 0.24809734904587322
usemtl m_0
f 12/28/7 15/27/7 13/26/7 10/25/7
usemtl none
f 11/32/8 12/31/8 10/30/8 9/29/8
usemtl m_0
f 16/36/9 11/35/9 9/34/9 14/33/9
usemtl none
f 15/40/10 16/39/10 14/38/10 13/37/10
f 14/44/11 9/43/11 10/42/11 13/41/11
f 15/48/12 12/47/12 11/46/12 16/45/12
o cube_4
v 0.3228783774170697 0.893689881604791 0.753641296837442
v 0.3228783774170697 0.893689881604791 0.753641296837442
v 0.29081398898028815 0.7313101183952088 0.8417374800361208
v 0.29081398898028815 0.7313101183952088 0.8417374800361208
v 0.14668601101971185 0.8936898816047912 0.6895125199638792
v 0.14668601101971185 0.8936898816047912 0.6895125199638792
v 0.11462162258293031 0.731310118395209 0.777608703162558
v 0.11462162258293031 0.731310118395209 0.777608703162558
vt 0.90625 1
vt 1 1
vt 1 0.90625
vt 0.90625 0.90625
vt 0 1
vt 0 1
vt 0 0.90625
vt 0 0.90625
vt 1 1
vt 0.90625 1
vt 0.90625 0.90625
vt 1 0.90625
vt 0 1
vt 0 1
vt 0 0.90625
vt 0 0.90625
vt 0 1
vt 0.09375 1
vt 0.09375 1
vt 0 1
vt 0 1
vt 0.09375 1
vt 0.09375 1
vt 0 1
vn 0.29619813272602324 -0.5000000000000001 -0.8137976813493739
vn 0.9396926207859085 -6.938893903907228e-16 0.34202014332566844
vn -0.29619813272602324 0.5000000000000001 0.8137976813493739
vn -0.9396926207859085 6.938893903907228e-16 -0.34202014332566844
vn 0.17101007166283486 0.8660254037844387 -0.46984631039295416
vn -0.17101007166283486 -0.8660254037844387 0.46984631039295416
usemtl m_0
f 20/52/13 23/51/13 21/50/13 18/49/13
usemtl none
f 19/56/14 20/55/14 18/54/14 17/53/14
usemtl m_0
f 24/60/15 19/59/15 17/58/15 22/57/15
usemtl none
f 23/64/16 24/63/16 22/62/16 21/61/16
f 22/68/17 17/67/17 18/66/17 21/65/17
f 23/72/18 20/71/18 19/70/18 24/69/18
o cube_5
v 0.7504650519482017 0.4644109641326462 0.3547206477504933
v 0.7504650519482017 0.4644109641326462 0.3547206477504933
v 0.7201708441417144 0.2855890358673537 0.4022730288145362
v 0.7201708441417144 0.2855890358673537 0.4022730288145362
v 0.5923291558582856 0.4644109641326463 0.2539769711854638
v 0.5923291558582856 0.4644109641326463 0.2539769711854638
v 0.5620349480517983 0.2855890358673538 0.3015293522495067
v 0.5620349480517983 0.2855890358673538 0.3015293522495067
vt 0.90625 1
vt 1 1
vt 1 0.90625
vt 0.90625 0.90625
vt 0 1
vt 0 1
vt 0 0.90625
vt 0 0.90625
vt 1 1
vt 0.90625 1
vt 0.90625 0.90625
vt 1 0.90625
vt 0 1
vt 0 1
vt 0 0.90625
vt 0 0.90625
vt 0 1
vt 0.09375 1
vt 0.09375 1
vt 0 1
vt 0 1
vt 0.09375 1
vt 0.09375 1
vt 0 1
vn 0.5124317441107492 -0.30070579950427345 -0.8043567179878038
vn 0.8433914458128857 -6.106226635438361e-16 0.5372996083468238
vn -0.5124317441107492 0.30070579950427345 0.8043567179878038
vn -0.8433914458128857 6.106226635438361e-16 -0.5372996083468238
vn 0.16156910830126517 0.9537169507482268 -0.25361269900822864
vn -0.16156910830126517 -0.9537169507482268 0.25361269900822864
usemtl m_0
f 28/76/19 31/75/19 29/74/19 26/73/19
usemtl none
f 27/80/20 28/79/20 26/78/20 25/77/20
usemtl m_0
f 32/84/21 27/83/21 25/82/21 30/81/21
usemtl none
f 31/88/22 32/87/22 30/86/22 29/85/22
f 30/92/23 25/91/23 26/90/23 29/89/23
f 31/96/24 28/95/24 27/94/24 32/93/24
o cube_0
v 0.7651650429449552 1 0.23483495705504465
v 0.7651650429449552 1 0.23483495705504465
v 0.7651650429449552 0 0.23483495705504465
v 0.7651650429449552 0 0.23483495705504465
v 0.2348349570550447 1 0.7651650429449554
v 0.2348349570550447 1 0.7651650429449554
v 0.2348349570550447 0 0.7651650429449554
v 0.2348349570550447 0 0.7651650429449554
vt 0.03125 0.5
vt 0.40625 0.5
vt 0.40625 0
vt 0.03125 0
vt 0 1
vt 0 1
vt 0 0.5
vt 0 0.5
vt 0.40625 0.5
vt 0.03125 0.5
vt 0.03125 0
vt 0.40625 0
vt 0 1
vt 0 1
vt 0 0.5
vt 0 0.5
vt 0 1
vt 0.375 1
vt 0.375 1
vt 0 1
vt 0 1
vt 0.375 1
vt 0.375 1
vt 0 1
vn -0.7071067811865476 0 -0.7071067811865475
vn 0.7071067811865475 0 -0.7071067811865476
vn 0.7071067811865476 0 0.7071067811865475
vn -0.7071067811865475 0 0.7071067811865476
vn 0 1 0
vn 0 -1 0
usemtl m_0
f 36/100/25 39/99/25 37/98/25 34/97/25
usemtl none
f 35/104/26 36/103/26 34/102/26 33/101/26
usemtl m_0
f 40/108/27 35/107/27 33/106/27 38/105/27
usemtl none
f 39/112/28 40/111/28 38/110/28 37/109/28
f 38/116/29 33/115/29 34/114/29 37/113/29
f 39/120/30 36/119/30 35/118/30 40/117/30
o cube_1
v 0.2348349570550447 1 0.23483495705504465
v 0.2348349570550447 1 0.23483495705504465
v 0.2348349570550447 0 0.23483495705504465
v 0.2348349570550447 0 0.23483495705504465
v 0.7651650429449552 1 0.7651650429449554
v 0.7651650429449552 1 0.7651650429449554
v 0.7651650429449552 0 0.7651650429449554
v 0.7651650429449552 0 0.7651650429449554
vt 0.5625 0.5
vt 0.9375 0.5
vt 0.9375 0
vt 0.5625 0
vt 0 1
vt 0 1
vt 0 0.5
vt 0 0.5
vt 0.9375 0.5
vt 0.5625 0.5
vt 0.5625 0
vt 0.9375 0
vt 0 1
vt 0 1
vt 0 0.5
vt 0 0.5
vt 0 1
vt 0.375 1
vt 0.375 1
vt 0 1
vt 0 1
vt 0.375 1
vt 0.375 1
vt 0 1
vn -0.7071067811865477 0 0.7071067811865475
vn -0.7071067811865475 0 -0.7071067811865477
vn 0.7071067811865477 0 -0.7071067811865475
vn 0.7071067811865475 0 0.7071067811865477
vn 0 1 0
vn 0 -1 0
usemtl m_0
f 44/124/31 47/123/31 45/122/31 42/121/31
usemtl none
f 43/128/32 44/127/32 42/126/32 41/125/32
usemtl m_0
f 48/132/33 43/131/33 41/130/33 46/129/33
usemtl none
f 47/136/34 48/135/34 46/134/34 45/133/34
f 46/140/35 41/139/35 42/138/35 45/137/35
f 47/144/36 44/143/36 43/142/36 48/141/36