# Made in Blockbench 4.2.4
mtllib crop_crimsoncrest_stage2.mtl

o cube_1
v 0.939443057077846 0.625 0.859375
v 0.560556942922154 0.625 0.640625
v 0.939443057077846 -0.0625 0.859375
v 0.560556942922154 -0.0625 0.640625
v 0.560556942922154 0.625 0.640625
v 0.939443057077846 0.625 0.859375
v 0.560556942922154 -0.0625 0.640625
v 0.939443057077846 -0.0625 0.859375
vt 0.21875 0.6875
vt 0.21875 0.6875
vt 0.21875 0.34375
vt 0.21875 0.34375
vt 0 0.6875
vt 0.21875 0.6875
vt 0.21875 0.34375
vt 0 0.34375
vt 0.4375 0.6875
vt 0.4375 0.6875
vt 0.4375 0.34375
vt 0.4375 0.34375
vt 0.21875 0.6875
vt 0.4375 0.6875
vt 0.4375 0.34375
vt 0.21875 0.34375
vt 0.21875 0.6875
vt 0.21875 0.6875
vt 0.21875 0.90625
vt 0.21875 0.90625
vt 0.21875 0.90625
vt 0.21875 0.90625
vt 0.21875 0.6875
vt 0.21875 0.6875
vn -0.8660254037844388 0 -0.49999999999999994
vn 0.49999999999999994 0 -0.8660254037844388
vn 0.8660254037844388 0 0.49999999999999994
vn -0.49999999999999994 0 0.8660254037844388
vn 0 1 0
vn 0 -1 0
usemtl m_0
f 4/4/1 7/3/1 5/2/1 2/1/1
f 3/8/2 4/7/2 2/6/2 1/5/2
f 8/12/3 3/11/3 1/10/3 6/9/3
f 7/16/4 8/15/4 6/14/4 5/13/4
f 6/20/5 1/19/5 2/18/5 5/17/5
f 7/24/6 4/23/6 3/22/6 8/21/6
o cube_2
v 0.640625 0.625 0.9394430570778459
v 0.859375 0.625 0.5605569429221541
v 0.640625 -0.0625 0.9394430570778459
v 0.859375 -0.0625 0.5605569429221541
v 0.859375 0.625 0.5605569429221541
v 0.640625 0.625 0.9394430570778459
v 0.859375 -0.0625 0.5605569429221541
v 0.640625 -0.0625 0.9394430570778459
vt 0.21875 0.6875
vt 0.21875 0.6875
vt 0.21875 0.34375
vt 0.21875 0.34375
vt 0 0.6875
vt 0.21875 0.6875
vt 0.21875 0.34375
vt 0 0.34375
vt 0.4375 0.6875
vt 0.4375 0.6875
vt 0.4375 0.34375
vt 0.4375 0.34375
vt 0.21875 0.6875
vt 0.4375 0.6875
vt 0.4375 0.34375
vt 0.21875 0.34375
vt 0.21875 0.6875
vt 0.21875 0.6875
vt 0.21875 0.90625
vt 0.21875 0.90625
vt 0.21875 0.90625
vt 0.21875 0.90625
vt 0.21875 0.6875
vt 0.21875 0.6875
vn 0.5000000000000002 0 -0.8660254037844386
vn 0.8660254037844386 0 0.5000000000000002
vn -0.5000000000000002 0 0.8660254037844386
vn -0.8660254037844386 0 -0.5000000000000002
vn 0 1 0
vn 0 -1 0
usemtl m_0
f 12/28/7 15/27/7 13/26/7 10/25/7
f 11/32/8 12/31/8 10/30/8 9/29/8
f 16/36/9 11/35/9 9/34/9 14/33/9
f 15/40/10 16/39/10 14/38/10 13/37/10
f 14/44/11 9/43/11 10/42/11 13/41/11
f 15/48/12 12/47/12 11/46/12 16/45/12
o cube_3
v 0.28824367656502947 0.5625 0.4393858960899161
v 0.0867563234349705 0.5625 0.12311410391008393
v 0.28824367656502947 -0.0625 0.4393858960899161
v 0.0867563234349705 -0.0625 0.12311410391008393
v 0.0867563234349705 0.5625 0.12311410391008393
v 0.28824367656502947 0.5625 0.4393858960899161
v 0.0867563234349705 -0.0625 0.12311410391008393
v 0.28824367656502947 -0.0625 0.4393858960899161
vt 0.1875 1
vt 0.1875 1
vt 0.1875 0.6875
vt 0.1875 0.6875
vt 0 1
vt 0.1875 1
vt 0.1875 0.6875
vt 0 0.6875
vt 0.375 1
vt 0.375 1
vt 0.375 0.6875
vt 0.375 0.6875
vt 0.1875 1
vt 0.375 1
vt 0.375 0.6875
vt 0.1875 0.6875
vt 0.1875 1
vt 0.1875 1
vt 0.1875 1.1875
vt 0.1875 1.1875
vt 0.1875 1.1875
vt 0.1875 1.1875
vt 0.1875 1
vt 0.1875 1
vn -0.537299608346824 0 -0.8433914458128857
vn 0.8433914458128857 0 -0.537299608346824
vn 0.537299608346824 0 0.8433914458128857
vn -0.8433914458128857 0 0.537299608346824
vn 0 1 0
vn 0 -1 0
usemtl m_0
f 20/52/13 23/51/13 21/50/13 18/49/13
f 19/56/14 20/55/14 18/54/14 17/53/14
f 24/60/15 19/59/15 17/58/15 22/57/15
f 23/64/16 24/63/16 22/62/16 21/61/16
f 22/68/17 17/67/17 18/66/17 21/65/17
f 23/72/18 20/71/18 19/70/18 24/69/18
o cube_4
v 0.029364103910083872 0.5625 0.38199367656502947
v 0.34563589608991613 0.5625 0.18050632343497053
v 0.029364103910083872 -0.0625 0.38199367656502947
v 0.34563589608991613 -0.0625 0.18050632343497053
v 0.34563589608991613 0.5625 0.18050632343497053
v 0.029364103910083872 0.5625 0.38199367656502947
v 0.34563589608991613 -0.0625 0.18050632343497053
v 0.029364103910083872 -0.0625 0.38199367656502947
vt 0.1875 1
vt 0.1875 1
vt 0.1875 0.6875
vt 0.1875 0.6875
vt 0 1
vt 0.1875 1
vt 0.1875 0.6875
vt 0 0.6875
vt 0.375 1
vt 0.375 1
vt 0.375 0.6875
vt 0.375 0.6875
vt 0.1875 1
vt 0.375 1
vt 0.375 0.6875
vt 0.1875 0.6875
vt 0.1875 1
vt 0.1875 1
vt 0.1875 1.1875
vt 0.1875 1.1875
vt 0.1875 1.1875
vt 0.1875 1.1875
vt 0.1875 1
vt 0.1875 1
vn 0.8433914458128859 0 -0.5372996083468238
vn 0.5372996083468238 0 0.8433914458128859
vn -0.8433914458128859 0 0.5372996083468238
vn -0.5372996083468238 0 -0.8433914458128859
vn 0 1 0
vn 0 -1 0
usemtl m_0
f 28/76/19 31/75/19 29/74/19 26/73/19
f 27/80/20 28/79/20 26/78/20 25/77/20
f 32/84/21 27/83/21 25/82/21 30/81/21
f 31/88/22 32/87/22 30/86/22 29/85/22
f 30/92/23 25/91/23 26/90/23 29/89/23
f 31/96/24 28/95/24 27/94/24 32/93/24
o cube_5
v 0.6973396188435284 0.375 0.38133822493803415
v 0.45891038115647165 0.375 0.30616177506196585
v 0.6973396188435284 -0.0625 0.38133822493803415
v 0.45891038115647165 -0.0625 0.30616177506196585
v 0.45891038115647165 0.375 0.30616177506196585
v 0.6973396188435284 0.375 0.38133822493803415
v 0.45891038115647165 -0.0625 0.30616177506196585
v 0.6973396188435284 -0.0625 0.38133822493803415
vt 0.53125 1
vt 0.53125 1
vt 0.53125 0.78125
vt 0.53125 0.78125
vt 0.40625 1
vt 0.53125 1
vt 0.53125 0.78125
vt 0.40625 0.78125
vt 0.65625 1
vt 0.65625 1
vt 0.65625 0.78125
vt 0.65625 0.78125
vt 0.53125 1
vt 0.65625 1
vt 0.65625 0.78125
vt 0.53125 0.78125
vt 0.53125 1
vt 0.53125 1
vt 0.53125 1.125
vt 0.53125 1.125
vt 0.53125 1.125
vt 0.53125 1.125
vt 0.53125 1
vt 0.53125 1
vn -0.953716950748227 0 -0.30070579950427306
vn 0.30070579950427306 0 -0.953716950748227
vn 0.953716950748227 0 0.30070579950427306
vn -0.30070579950427306 0 0.953716950748227
vn 0 1 0
vn 0 -1 0
usemtl m_0
f 36/100/25 39/99/25 37/98/25 34/97/25
f 35/104/26 36/103/26 34/102/26 33/101/26
f 40/108/27 35/107/27 33/106/27 38/105/27
f 39/112/28 40/111/28 38/110/28 37/109/28
f 38/116/29 33/115/29 34/114/29 37/113/29
f 39/120/30 36/119/30 35/118/30 40/117/30
o cube_6
v 0.5405367750619658 0.375 0.46296461884352835
v 0.6157132249380342 0.375 0.22453538115647162
v 0.5405367750619658 -0.0625 0.46296461884352835
v 0.6157132249380342 -0.0625 0.22453538115647162
v 0.6157132249380342 0.375 0.22453538115647162
v 0.5405367750619658 0.375 0.46296461884352835
v 0.6157132249380342 -0.0625 0.22453538115647162
v 0.5405367750619658 -0.0625 0.46296461884352835
vt 0.53125 1
vt 0.53125 1
vt 0.53125 0.78125
vt 0.53125 0.78125
vt 0.40625 1
vt 0.53125 1
vt 0.53125 0.78125
vt 0.40625 0.78125
vt 0.65625 1
vt 0.65625 1
vt 0.65625 0.78125
vt 0.65625 0.78125
vt 0.53125 1
vt 0.65625 1
vt 0.65625 0.78125
vt 0.53125 0.78125
vt 0.53125 1
vt 0.53125 1
vt 0.53125 1.125
vt 0.53125 1.125
vt 0.53125 1.125
vt 0.53125 1.125
vt 0.53125 1
vt 0.53125 1
vn 0.3007057995042733 0 -0.953716950748227
vn 0.953716950748227 0 0.3007057995042733
vn -0.3007057995042733 0 0.953716950748227
vn -0.953716950748227 0 -0.3007057995042733
vn 0 1 0
vn 0 -1 0
usemtl m_0
f 44/124/31 47/123/31 45/122/31 42/121/31
f 43/128/32 44/127/32 42/126/32 41/125/32
f 48/132/33 43/131/33 41/130/33 46/129/33
f 47/136/34 48/135/34 46/134/34 45/133/34
f 46/140/35 41/139/35 42/138/35 45/137/35
f 47/144/36 44/143/36 43/142/36 48/141/36
o cube_7
v 0.9488657282861336 0.0625 0.1863976193621849
v 0.7677546358569333 0.0625 0.23492619031890755
v 0.9488657282861336 -0.0625 0.1863976193621849
v 0.7677546358569333 -0.0625 0.23492619031890755
v 0.7677546358569333 0.0625 0.23492619031890755
v 0.9488657282861336 0.0625 0.1863976193621849
v 0.7677546358569333 -0.0625 0.23492619031890755
v 0.9488657282861336 -0.0625 0.1863976193621849
vt 0.78125 1
vt 0.78125 1
vt 0.78125 0.9375
vt 0.78125 0.9375
vt 0.6875 1
vt 0.78125 1
vt 0.78125 0.9375
vt 0.6875 0.9375
vt 0.875 1
vt 0.875 1
vt 0.875 0.9375
vt 0.875 0.9375
vt 0.78125 1
vt 0.875 1
vt 0.875 0.9375
vt 0.78125 0.9375
vt 0.78125 1
vt 0.78125 1
vt 0.78125 1.09375
vt 0.78125 1.09375
vt 0.78125 1.09375
vt 0.78125 1.09375
vt 0.78125 1
vt 0.78125 1
vn -0.9659258262890684 0 0.2588190451025208
vn -0.2588190451025208 0 -0.9659258262890684
vn 0.9659258262890684 0 -0.2588190451025208
vn 0.2588190451025208 0 0.9659258262890684
vn 0 1 0
vn 0 -1 0
usemtl m_0
f 52/148/37 55/147/37 53/146/37 50/145/37
f 51/152/38 52/151/38 50/150/38 49/149/38
f 56/156/39 51/155/39 49/154/39 54/153/39
f 55/160/40 56/159/40 54/158/40 53/157/40
f 54/164/41 49/163/41 50/162/41 53/161/41
f 55/168/42 52/167/42 51/166/42 56/165/42
o cube_8
v 0.8604773806378151 0.0625 0.3394907282861336
v 0.8119488096810925 0.0625 0.1583796358569332
v 0.8604773806378151 -0.0625 0.3394907282861336
v 0.8119488096810925 -0.0625 0.1583796358569332
v 0.8119488096810925 0.0625 0.1583796358569332
v 0.8604773806378151 0.0625 0.3394907282861336
v 0.8119488096810925 -0.0625 0.1583796358569332
v 0.8604773806378151 -0.0625 0.3394907282861336
vt 0.78125 1
vt 0.78125 1
vt 0.78125 0.9375
vt 0.78125 0.9375
vt 0.6875 1
vt 0.78125 1
vt 0.78125 0.9375
vt 0.6875 0.9375
vt 0.875 1
vt 0.875 1
vt 0.875 0.9375
vt 0.875 0.9375
vt 0.78125 1
vt 0.875 1
vt 0.875 0.9375
vt 0.78125 0.9375
vt 0.78125 1
vt 0.78125 1
vt 0.78125 1.09375
vt 0.78125 1.09375
vt 0.78125 1.09375
vt 0.78125 1.09375
vt 0.78125 1
vt 0.78125 1
vn -0.2588190451025206 0 -0.9659258262890684
vn 0.9659258262890684 0 -0.2588190451025206
vn 0.2588190451025206 0 0.9659258262890684
vn -0.9659258262890684 0 0.2588190451025206
vn 0 1 0
vn 0 -1 0
usemtl m_0
f 60/172/43 63/171/43 61/170/43 58/169/43
f 59/176/44 60/175/44 58/174/44 57/173/44
f 64/180/45 59/179/45 57/178/45 62/177/45
f 63/184/46 64/183/46 62/182/46 61/181/46
f 62/188/47 57/187/47 58/186/47 61/185/47
f 63/192/48 60/191/48 59/190/48 64/189/48
o cube_9
v 0.33941096413264626 0.0625 0.8406911687035256
v 0.1605890358673537 0.0625 0.7843088312964744
v 0.33941096413264626 -0.0625 0.8406911687035256
v 0.1605890358673537 -0.0625 0.7843088312964744
v 0.1605890358673537 0.0625 0.7843088312964744
v 0.33941096413264626 0.0625 0.8406911687035256
v 0.1605890358673537 -0.0625 0.7843088312964744
v 0.33941096413264626 -0.0625 0.8406911687035256
vt 0.78125 1
vt 0.78125 1
vt 0.78125 0.9375
vt 0.78125 0.9375
vt 0.6875 1
vt 0.78125 1
vt 0.78125 0.9375
vt 0.6875 0.9375
vt 0.875 1
vt 0.875 1
vt 0.875 0.9375
vt 0.875 0.9375
vt 0.78125 1
vt 0.875 1
vt 0.875 0.9375
vt 0.78125 0.9375
vt 0.78125 1
vt 0.78125 1
vt 0.78125 1.09375
vt 0.78125 1.09375
vt 0.78125 1.09375
vt 0.78125 1.09375
vt 0.78125 1
vt 0.78125 1
vn -0.953716950748227 0 -0.30070579950427306
vn 0.30070579950427306 0 -0.953716950748227
vn 0.953716950748227 0 0.30070579950427306
vn -0.30070579950427306 0 0.953716950748227
vn 0 1 0
vn 0 -1 0
usemtl m_0
f 68/196/49 71/195/49 69/194/49 66/193/49
f 67/200/50 68/199/50 66/198/50 65/197/50
f 72/204/51 67/203/51 65/202/51 70/201/51
f 71/208/52 72/207/52 70/206/52 69/205/52
f 70/212/53 65/211/53 66/210/53 69/209/53
f 71/216/54 68/215/54 67/214/54 72/213/54
o cube_10
v 0.21241177506196585 0.375 0.9317146188435284
v 0.28758822493803415 0.375 0.6932853811564716
v 0.21241177506196585 -0.0625 0.9317146188435284
v 0.28758822493803415 -0.0625 0.6932853811564716
v 0.28758822493803415 0.375 0.6932853811564716
v 0.21241177506196585 0.375 0.9317146188435284
v 0.28758822493803415 -0.0625 0.6932853811564716
v 0.21241177506196585 -0.0625 0.9317146188435284
vt 0.53125 1
vt 0.53125 1
vt 0.53125 0.78125
vt 0.53125 0.78125
vt 0.40625 1
vt 0.53125 1
vt 0.53125 0.78125
vt 0.40625 0.78125
vt 0.65625 1
vt 0.65625 1
vt 0.65625 0.78125
vt 0.65625 0.78125
vt 0.53125 1
vt 0.65625 1
vt 0.65625 0.78125
vt 0.53125 0.78125
vt 0.53125 1
vt 0.53125 1
vt 0.53125 1.125
vt 0.53125 1.125
vt 0.53125 1.125
vt 0.53125 1.125
vt 0.53125 1
vt 0.53125 1
vn 0.3007057995042733 0 -0.953716950748227
vn 0.953716950748227 0 0.3007057995042733
vn -0.3007057995042733 0 0.953716950748227
vn -0.953716950748227 0 -0.3007057995042733
vn 0 1 0
vn 0 -1 0
usemtl m_0
f 76/220/55 79/219/55 77/218/55 74/217/55
f 75/224/56 76/223/56 74/222/56 73/221/56
f 80/228/57 75/227/57 73/226/57 78/225/57
f 79/232/58 80/231/58 78/230/58 77/229/58
f 78/236/59 73/235/59 74/234/59 77/233/59
f 79/240/60 76/239/60 75/238/60 80/237/60