# Made in Blockbench 4.2.4
mtllib crop_heartofwal_stage2.mtl

o cube_5
v 0.7209708691207961 0.75 0.2790291308792039
v 0.7209708691207961 0.75 0.2790291308792039
v 0.7209708691207961 -0.0625 0.2790291308792039
v 0.7209708691207961 -0.0625 0.2790291308792039
v 0.2790291308792039 0.75 0.7209708691207961
v 0.2790291308792039 0.75 0.7209708691207961
v 0.2790291308792039 -0.0625 0.7209708691207961
v 0.2790291308792039 -0.0625 0.7209708691207961
vt 0.3125 0.40625
vt 0 0.40625
vt 0 0
vt 0.3125 0
vt 0 1
vt 0 1
vt 0 0.8125
vt 0 0.8125
vt 0 0.40625
vt 0.3125 0.40625
vt 0.3125 0
vt 0 0
vt 0 1
vt 0 1
vt 0 0.8125
vt 0 0.8125
vt 0 1
vt 0.1875 1
vt 0.1875 1
vt 0 1
vt 0 1
vt 0.1875 1
vt 0.1875 1
vt 0 1
vn -0.7071067811865476 0 -0.7071067811865475
vn 0.7071067811865475 0 -0.7071067811865476
vn 0.7071067811865476 0 0.7071067811865475
vn -0.7071067811865475 0 0.7071067811865476
vn 0 1 0
vn 0 -1 0
usemtl m_0
f 4/4/1 7/3/1 5/2/1 2/1/1
usemtl none
f 3/8/2 4/7/2 2/6/2 1/5/2
usemtl m_0
f 8/12/3 3/11/3 1/10/3 6/9/3
usemtl none
f 7/16/4 8/15/4 6/14/4 5/13/4
f 6/20/5 1/19/5 2/18/5 5/17/5
f 7/24/6 4/23/6 3/22/6 8/21/6
o cube_4
v 0.2790291308792039 0.75 0.2790291308792039
v 0.2790291308792039 0.75 0.2790291308792039
v 0.2790291308792039 -0.0625 0.2790291308792039
v 0.2790291308792039 -0.0625 0.2790291308792039
v 0.7209708691207961 0.75 0.7209708691207961
v 0.7209708691207961 0.75 0.7209708691207961
v 0.7209708691207961 -0.0625 0.7209708691207961
v 0.7209708691207961 -0.0625 0.7209708691207961
vt 1 0.90625
vt 0.6875 0.90625
vt 0.6875 0.5
vt 1 0.5
vt 0 1
vt 0 1
vt 0 0.8125
vt 0 0.8125
vt 0.6875 0.90625
vt 1 0.90625
vt 1 0.5
vt 0.6875 0.5
vt 0 1
vt 0 1
vt 0 0.8125
vt 0 0.8125
vt 0 1
vt 0.1875 1
vt 0.1875 1
vt 0 1
vt 0 1
vt 0.1875 1
vt 0.1875 1
vt 0 1
vn -0.7071067811865476 0 0.7071067811865475
vn -0.7071067811865475 0 -0.7071067811865476
vn 0.7071067811865476 0 -0.7071067811865475
vn 0.7071067811865475 0 0.7071067811865476
vn 0 1 0
vn 0 -1 0
usemtl m_0
f 12/28/7 15/27/7 13/26/7 10/25/7
usemtl none
f 11/32/8 12/31/8 10/30/8 9/29/8
usemtl m_0
f 16/36/9 11/35/9 9/34/9 14/33/9
usemtl none
f 15/40/10 16/39/10 14/38/10 13/37/10
f 14/44/11 9/43/11 10/42/11 13/41/11
f 15/48/12 12/47/12 11/46/12 16/45/12
o cube_9
v 0.7430679560328757 0.734375 0.5220970869120796
v 0.7430679560328757 0.734375 0.5220970869120796
v 0.7773828376376668 0.5532639075707997 0.5564119685168707
v 0.7773828376376668 0.5532639075707997 0.5564119685168707
v 0.5220970869120796 0.734375 0.7430679560328757
v 0.5220970869120796 0.734375 0.7430679560328757
v 0.5564119685168707 0.5532639075707997 0.7773828376376668
v 0.5564119685168707 0.5532639075707997 0.7773828376376668
vt 0.5 0.34375
vt 0.34375 0.34375
vt 0.34375 0.25
vt 0.5 0.25
vt 0 1
vt 0 1
vt 0 0.90625
vt 0 0.90625
vt 0.34375 0.34375
vt 0.5 0.34375
vt 0.5 0.25
vt 0.34375 0.25
vt 0 1
vt 0 1
vt 0 0.90625
vt 0 0.90625
vt 0 1
vt 0.15625 1
vt 0.15625 1
vt 0 1
vt 0 1
vt 0.15625 1
vt 0.15625 1
vt 0 1
vn -0.6830127018922194 -0.25881904510252074 -0.6830127018922193
vn 0.7071067811865475 0 -0.7071067811865476
vn 0.6830127018922194 0.25881904510252074 0.6830127018922193
vn -0.7071067811865475 0 0.7071067811865476
vn -0.18301270189221933 0.9659258262890683 -0.1830127018922193
vn 0.18301270189221933 -0.9659258262890683 0.1830127018922193
usemtl m_0
f 20/52/13 23/51/13 21/50/13 18/49/13
usemtl none
f 19/56/14 20/55/14 18/54/14 17/53/14
usemtl m_0
f 24/60/15 19/59/15 17/58/15 22/57/15
usemtl none
f 23/64/16 24/63/16 22/62/16 21/61/16
f 22/68/17 17/67/17 18/66/17 21/65/17
f 23/72/18 20/71/18 19/70/18 24/69/18
o cube_7
v 0.5220970869120796 0.734375 0.7430679560328757
v 0.3011262177912835 0.734375 0.5220970869120796
v 0.4877822053072885 0.5532639075707997 0.7773828376376668
v 0.2668113361864924 0.5532639075707997 0.5564119685168707
v 0.3011262177912835 0.734375 0.5220970869120796
v 0.5220970869120796 0.734375 0.7430679560328757
v 0.2668113361864924 0.5532639075707997 0.5564119685168707
v 0.4877822053072885 0.5532639075707997 0.7773828376376668
vt 0 1
vt 0 1
vt 0 0.90625
vt 0 0.90625
vt 0.5 0.34375
vt 0.34375 0.34375
vt 0.34375 0.25
vt 0.5 0.25
vt 0 1
vt 0 1
vt 0 0.90625
vt 0 0.90625
vt 0.34375 0.34375
vt 0.5 0.34375
vt 0.5 0.25
vt 0.34375 0.25
vt 0 1
vt 0 1
vt 0 0.84375
vt 0 0.84375
vt 0 1
vt 0 1
vt 0 0.84375
vt 0 0.84375
vn -0.7071067811865476 0 -0.7071067811865475
vn 0.6830127018922193 -0.25881904510252074 -0.6830127018922194
vn 0.7071067811865476 0 0.7071067811865475
vn -0.6830127018922193 0.25881904510252074 0.6830127018922194
vn 0.1830127018922193 0.9659258262890683 -0.18301270189221933
vn -0.1830127018922193 -0.9659258262890683 0.18301270189221933
usemtl none
f 28/76/19 31/75/19 29/74/19 26/73/19
usemtl m_0
f 27/80/20 28/79/20 26/78/20 25/77/20
usemtl none
f 32/84/21 27/83/21 25/82/21 30/81/21
usemtl m_0
f 31/88/22 32/87/22 30/86/22 29/85/22
usemtl none
f 30/92/23 25/91/23 26/90/23 29/89/23
f 31/96/24 28/95/24 27/94/24 32/93/24
o cube_6
v 0.7430679560328757 1.046875 0.5220970869120796
v 0.5220970869120796 1.046875 0.3011262177912835
v 0.7430679560328757 0.734375 0.5220970869120796
v 0.5220970869120796 0.734375 0.3011262177912835
v 0.3011262177912835 1.046875 0.5220970869120796
v 0.5220970869120797 1.046875 0.7430679560328757
v 0.3011262177912835 0.734375 0.5220970869120796
v 0.5220970869120797 0.734375 0.7430679560328757
vt 0.34375 0.5
vt 0.5 0.5
vt 0.5 0.34375
vt 0.34375 0.34375
vt 0.34375 0.5
vt 0.5 0.5
vt 0.5 0.34375
vt 0.34375 0.34375
vt 0.34375 0.5
vt 0.5 0.5
vt 0.5 0.34375
vt 0.34375 0.34375
vt 0.34375 0.5
vt 0.5 0.5
vt 0.5 0.34375
vt 0.34375 0.34375
vt 0.5 0.5
vt 0.65625 0.5
vt 0.65625 0.34375
vt 0.5 0.34375
vt 0.65625 0.5
vt 0.8125 0.5
vt 0.8125 0.34375
vt 0.65625 0.34375
vn -0.7071067811865476 0 -0.7071067811865475
vn 0.7071067811865475 0 -0.7071067811865476
vn 0.7071067811865476 0 0.7071067811865475
vn -0.7071067811865475 0 0.7071067811865476
vn 0 1 0
vn 0 -1 0
usemtl m_0
f 36/100/25 39/99/25 37/98/25 34/97/25
f 35/104/26 36/103/26 34/102/26 33/101/26
f 40/108/27 35/107/27 33/106/27 38/105/27
f 39/112/28 40/111/28 38/110/28 37/109/28
f 38/116/29 33/115/29 34/114/29 37/113/29
f 39/120/30 36/119/30 35/118/30 40/117/30
o cube_10
v 0.5220970869120796 0.734375 0.3011262177912835
v 0.5220970869120796 0.734375 0.3011262177912835
v 0.4877822053072885 0.5532639075707997 0.2668113361864924
v 0.4877822053072885 0.5532639075707997 0.2668113361864924
v 0.3011262177912835 0.734375 0.5220970869120796
v 0.3011262177912835 0.734375 0.5220970869120796
v 0.2668113361864924 0.5532639075707997 0.4877822053072885
v 0.2668113361864924 0.5532639075707997 0.4877822053072885
vt 0.34375 0.34375
vt 0.5 0.34375
vt 0.5 0.25
vt 0.34375 0.25
vt 0 1
vt 0 1
vt 0 0.90625
vt 0 0.90625
vt 0.5 0.34375
vt 0.34375 0.34375
vt 0.34375 0.25
vt 0.5 0.25
vt 0 1
vt 0 1
vt 0 0.90625
vt 0 0.90625
vt 0 1
vt 0.15625 1
vt 0.15625 1
vt 0 1
vt 0 1
vt 0.15625 1
vt 0.15625 1
vt 0 1
vn -0.6830127018922194 0.25881904510252074 -0.6830127018922193
vn 0.7071067811865475 0 -0.7071067811865476
vn 0.6830127018922194 -0.25881904510252074 0.6830127018922193
vn -0.7071067811865475 0 0.7071067811865476
vn 0.18301270189221933 0.9659258262890683 0.1830127018922193
vn -0.18301270189221933 -0.9659258262890683 -0.1830127018922193
usemtl m_0
f 44/124/31 47/123/31 45/122/31 42/121/31
usemtl none
f 43/128/32 44/127/32 42/126/32 41/125/32
usemtl m_0
f 48/132/33 43/131/33 41/130/33 46/129/33
usemtl none
f 47/136/34 48/135/34 46/134/34 45/133/34
f 46/140/35 41/139/35 42/138/35 45/137/35
f 47/144/36 44/143/36 43/142/36 48/141/36
o cube_8
v 0.7430679560328757 0.734375 0.5220970869120796
v 0.5220970869120796 0.734375 0.3011262177912835
v 0.7773828376376668 0.5532639075707997 0.4877822053072885
v 0.5564119685168707 0.5532639075707997 0.2668113361864924
v 0.5220970869120796 0.734375 0.3011262177912835
v 0.7430679560328757 0.734375 0.5220970869120796
v 0.5564119685168707 0.5532639075707997 0.2668113361864924
v 0.7773828376376668 0.5532639075707997 0.4877822053072885
vt 0 1
vt 0 1
vt 0 0.90625
vt 0 0.90625
vt 0.34375 0.34375
vt 0.5 0.34375
vt 0.5 0.25
vt 0.34375 0.25
vt 0 1
vt 0 1
vt 0 0.90625
vt 0 0.90625
vt 0.5 0.34375
vt 0.34375 0.34375
vt 0.34375 0.25
vt 0.5 0.25
vt 0 1
vt 0 1
vt 0 0.84375
vt 0 0.84375
vt 0 1
vt 0 1
vt 0 0.84375
vt 0 0.84375
vn -0.7071067811865476 0 -0.7071067811865475
vn 0.6830127018922193 0.25881904510252074 -0.6830127018922194
vn 0.7071067811865476 0 0.7071067811865475
vn -0.6830127018922193 -0.25881904510252074 0.6830127018922194
vn -0.1830127018922193 0.9659258262890683 0.18301270189221933
vn 0.1830127018922193 -0.9659258262890683 -0.18301270189221933
usemtl none
f 52/148/37 55/147/37 53/146/37 50/145/37
usemtl m_0
f 51/152/38 52/151/38 50/150/38 49/149/38
usemtl none
f 56/156/39 51/155/39 49/154/39 54/153/39
usemtl m_0
f 55/160/40 56/159/40 54/158/40 53/157/40
usemtl none
f 54/164/41 49/163/41 50/162/41 53/161/41
f 55/168/42 52/167/42 51/166/42 56/165/42
o cube_12
v 0.4428878025334998 0.5627764218907813 0.6626703424133615
v 0.41583285079123694 0.5627764218907813 0.5406333415233698
v 0.47958503645522843 0.4435618030472529 0.6545347615191548
v 0.4525300847129656 0.4435618030472529 0.5324977606291632
v 0.29944409442397546 0.5251881969527471 0.5664361076016413
v 0.3264990461662383 0.5251881969527471 0.6884731084916329
v 0.3361413283457041 0.40597357810921875 0.5583005267074346
v 0.36319628008796695 0.40597357810921875 0.6803375275974263
vt 0.8125 0.5
vt 0.875 0.5
vt 0.875 0.4375
vt 0.8125 0.4375
vt 0.8125 0.5
vt 0.875 0.5
vt 0.875 0.4375
vt 0.8125 0.4375
vt 0.8125 0.5
vt 0.875 0.5
vt 0.875 0.4375
vt 0.8125 0.4375
vt 0.8125 0.5
vt 0.875 0.5
vt 0.875 0.4375
vt 0.8125 0.4375
vt 0.8125 0.5
vt 0.875 0.5
vt 0.875 0.4375
vt 0.8125 0.4375
vt 0.8125 0.5
vt 0.875 0.5
vt 0.875 0.4375
vt 0.8125 0.4375
vn -0.2164396139381032 4.85722573273506e-17 -0.9762960071199333
vn 0.9311100509380921 0.3007057995042731 -0.20642212862617113
vn 0.2164396139381032 -4.85722573273506e-17 0.9762960071199333
vn -0.9311100509380921 -0.3007057995042731 0.20642212862617113
vn -0.2935778713738292 0.953716950748227 0.06508464715365363
vn 0.2935778713738292 -0.953716950748227 -0.06508464715365363
usemtl m_0
f 60/172/43 63/171/43 61/170/43 58/169/43
f 59/176/44 60/175/44 58/174/44 57/173/44
f 64/180/45 59/179/45 57/178/45 62/177/45
f 63/184/46 64/183/46 62/182/46 61/181/46
f 62/188/47 57/187/47 58/186/47 61/185/47
f 63/192/48 60/191/48 59/190/48 64/189/48
o cube_11
v 0.8111016181168964 0.5743793558956927 0.22475462487552048
v 0.6956166765529855 0.5743793558956927 0.17691919582988425
v 0.7987208980492354 0.4536386276095591 0.2546443271748123
v 0.6832359564853245 0.4536386276095591 0.20680889812917605
v 0.6494112002261873 0.6067317365335076 0.28846908343394956
v 0.7648961417900981 0.6067317365335076 0.3363045124795858
v 0.6370304801585263 0.4859910082473742 0.3183587857332414
v 0.7525154217224371 0.4859910082473742 0.36619421477887765
vt 0.8125 0.5
vt 0.875 0.5
vt 0.875 0.4375
vt 0.8125 0.4375
vt 0.8125 0.5
vt 0.875 0.5
vt 0.875 0.4375
vt 0.8125 0.4375
vt 0.8125 0.5
vt 0.875 0.5
vt 0.875 0.4375
vt 0.8125 0.4375
vt 0.8125 0.5
vt 0.875 0.5
vt 0.875 0.4375
vt 0.8125 0.4375
vt 0.8125 0.5
vt 0.875 0.5
vt 0.875 0.4375
vt 0.8125 0.4375
vt 0.8125 0.5
vt 0.875 0.5
vt 0.875 0.4375
vt 0.8125 0.4375
vn -0.9238795325112867 -5.551115123125783e-17 -0.3826834323650898
vn 0.3696438106143862 -0.2588190451025207 -0.8923991008325228
vn 0.9238795325112867 5.551115123125783e-17 0.3826834323650898
vn -0.3696438106143862 0.2588190451025207 0.8923991008325228
vn 0.09904576054128758 0.9659258262890684 -0.23911761839433454
vn -0.09904576054128758 -0.9659258262890684 0.23911761839433454
usemtl m_0
f 68/196/49 71/195/49 69/194/49 66/193/49
f 67/200/50 68/199/50 66/198/50 65/197/50
f 72/204/51 67/203/51 65/202/51 70/201/51
f 71/208/52 72/207/52 70/206/52 69/205/52
f 70/212/53 65/211/53 66/210/53 69/209/53
f 71/216/54 68/215/54 67/214/54 72/213/54