# Made in Blockbench 4.2.4
mtllib crop_plamstem_stage1.mtl

o cube_4
v 0.7381582891714463 0.5224663550346857 0.4835101821871755
v 0.6444082891714458 0.522466355034686 0.32113041897759353
v 0.8067829424409463 0.35253364496531403 0.44388972014898453
v 0.7130329424409457 0.3525336449653142 0.28150995693940256
v 0.6444082891714458 0.522466355034686 0.32113041897759353
v 0.7381582891714463 0.5224663550346857 0.4835101821871755
v 0.7130329424409457 0.3525336449653142 0.28150995693940256
v 0.8067829424409463 0.35253364496531403 0.44388972014898453
vt 0 1
vt 0 1
vt 0 0.90625
vt 0 0.90625
vt 0.90625 1
vt 1 1
vt 1 0.90625
vt 0.90625 0.90625
vt 0 1
vt 0 1
vt 0 0.90625
vt 0 0.90625
vt 1 1
vt 0.90625 1
vt 0.90625 0.90625
vt 1 0.90625
vt 0 1
vt 0 1
vt 0 0.90625
vt 0 0.90625
vt 0 1
vt 0 1
vt 0 0.90625
vt 0 0.90625
vn -0.5000000000000028 9.436895709313833e-16 -0.8660254037844373
vn 0.7848855672213942 0.42261826174070033 -0.45315389351832686
vn 0.5000000000000028 -9.436895709313833e-16 0.8660254037844373
vn -0.7848855672213942 -0.42261826174070033 0.45315389351832686
vn -0.36599815077066644 0.9063077870366496 0.21130913087035202
vn 0.36599815077066644 -0.9063077870366496 -0.21130913087035202
usemtl none
f 4/4/1 7/3/1 5/2/1 2/1/1
usemtl m_0
f 3/8/2 4/7/2 2/6/2 1/5/2
usemtl none
f 8/12/3 3/11/3 1/10/3 6/9/3
usemtl m_0
f 7/16/4 8/15/4 6/14/4 5/13/4
usemtl none
f 6/20/5 1/19/5 2/18/5 5/17/5
f 7/24/6 4/23/6 3/22/6 8/21/6
o cube_3
v 0.22936706131736295 0.625 0.65625
v 0.22936706131736295 0.625 0.65625
v 0.22936706131736295 -0.0625 0.65625
v 0.22936706131736295 -0.0625 0.65625
v 0.770632938682637 0.625 0.34374999999999994
v 0.770632938682637 0.625 0.34374999999999994
v 0.770632938682637 -0.0625 0.34374999999999994
v 0.770632938682637 -0.0625 0.34374999999999994
vt 0.875 1
vt 0.5625 1
vt 0.5625 0.65625
vt 0.875 0.65625
vt 0 1
vt 0 1
vt 0 0.84375
vt 0 0.84375
vt 0.5625 1
vt 0.875 1
vt 0.875 0.65625
vt 0.5625 0.65625
vt 0 1
vt 0 1
vt 0 0.84375
vt 0 0.84375
vt 0 1
vt 0.1875 1
vt 0.1875 1
vt 0 1
vt 0 1
vt 0.1875 1
vt 0.1875 1
vt 0 1
vn 0.5000000000000002 0 0.8660254037844386
vn -0.8660254037844386 0 0.5000000000000002
vn -0.5000000000000002 0 -0.8660254037844386
vn 0.8660254037844386 0 -0.5000000000000002
vn 0 1 0
vn 0 -1 0
usemtl m_0
f 12/28/7 15/27/7 13/26/7 10/25/7
usemtl none
f 11/32/8 12/31/8 10/30/8 9/29/8
usemtl m_0
f 16/36/9 11/35/9 9/34/9 14/33/9
usemtl none
f 15/40/10 16/39/10 14/38/10 13/37/10
f 14/44/11 9/43/11 10/42/11 13/41/11
f 15/48/12 12/47/12 11/46/12 16/45/12
o cube_5
v 0.2819613508431468 0.5767955041520925 0.3231042337938936
v 0.444341114052729 0.5767955041520931 0.22935423379389355
v 0.22818855993523635 0.4232044958479069 0.22996702787661402
v 0.3905683231448186 0.4232044958479075 0.136217027876614
v 0.444341114052729 0.5767955041520931 0.22935423379389355
v 0.2819613508431468 0.5767955041520925 0.3231042337938936
v 0.3905683231448186 0.4232044958479075 0.136217027876614
v 0.22818855993523635 0.4232044958479069 0.22996702787661402
vt 0 1
vt 0 1
vt 0 0.90625
vt 0 0.90625
vt 0.90625 1
vt 1 1
vt 1 0.90625
vt 0.90625 0.90625
vt 0 1
vt 0 1
vt 0 0.90625
vt 0 0.90625
vt 1 1
vt 0.90625 1
vt 0.90625 0.90625
vt 1 0.90625
vt 0 1
vt 0 1
vt 0 0.90625
vt 0 0.90625
vt 0 1
vt 0 1
vt 0 0.90625
vt 0 0.90625
vn 0.8660254037844386 3.2751579226442126e-15 -0.5000000000000003
vn 0.4095760221444966 -0.5735764363510489 0.7094064799162199
vn -0.8660254037844386 -3.2751579226442126e-15 0.5000000000000003
vn -0.4095760221444966 0.5735764363510489 -0.7094064799162199
vn 0.2867882181755223 0.8191520442889899 0.4967317648921577
vn -0.2867882181755223 -0.8191520442889899 -0.4967317648921577
usemtl none
f 20/52/13 23/51/13 21/50/13 18/49/13
usemtl m_0
f 19/56/14 20/55/14 18/54/14 17/53/14
usemtl none
f 24/60/15 19/59/15 17/58/15 22/57/15
usemtl m_0
f 23/64/16 24/63/16 22/62/16 21/61/16
usemtl none
f 22/68/17 17/67/17 18/66/17 21/65/17
f 23/72/18 20/71/18 19/70/18 24/69/18
o cube_6
v 0.3233916816182502 0.5866137061729331 0.7120122156758498
v 0.3152130464872498 0.5866137061729331 0.5246906741292514
v 0.2517068311432782 0.4133862938270669 0.7151420438398428
v 0.24352819601227776 0.4133862938270669 0.5278205022932444
v 0.3152130464872498 0.5866137061729331 0.5246906741292514
v 0.3233916816182502 0.5866137061729331 0.7120122156758498
v 0.24352819601227776 0.4133862938270669 0.5278205022932444
v 0.2517068311432782 0.4133862938270669 0.7151420438398428
vt 0 1
vt 0 1
vt 0 0.90625
vt 0 0.90625
vt 0.90625 1
vt 1 1
vt 1 0.90625
vt 0.90625 0.90625
vt 0 1
vt 0 1
vt 0 0.90625
vt 0 0.90625
vt 1 1
vt 0.90625 1
vt 0.90625 0.90625
vt 1 0.90625
vt 0 1
vt 0 1
vt 0 0.90625
vt 0 0.90625
vt 0 1
vt 0 1
vt 0 0.90625
vt 0 0.90625
vn -0.04361938736533574 7.979727989493314e-17 -0.9990482215818579
vn 0.9230002039112792 -0.38268343236508984 -0.04029905920751509
vn 0.04361938736533574 -7.979727989493314e-17 0.9990482215818579
vn -0.9230002039112792 0.38268343236508984 0.04029905920751509
vn 0.38231920253318413 0.923879532511287 -0.01669241687462903
vn -0.38231920253318413 -0.923879532511287 0.01669241687462903
usemtl none
f 28/76/19 31/75/19 29/74/19 26/73/19
usemtl m_0
f 27/80/20 28/79/20 26/78/20 25/77/20
usemtl none
f 32/84/21 27/83/21 25/82/21 30/81/21
usemtl m_0
f 31/88/22 32/87/22 30/86/22 29/85/22
usemtl none
f 30/92/23 25/91/23 26/90/23 29/89/23
f 31/96/24 28/95/24 27/94/24 32/93/24
o cube_2
v 0.34375 0.625 0.22936706131736284
v 0.34375 0.625 0.22936706131736284
v 0.34375 -0.0625 0.22936706131736284
v 0.34375 -0.0625 0.22936706131736284
v 0.65625 0.625 0.7706329386826372
v 0.65625 0.625 0.7706329386826372
v 0.65625 -0.0625 0.7706329386826372
v 0.65625 -0.0625 0.7706329386826372
vt 0.5 1
vt 0.1875 1
vt 0.1875 0.65625
vt 0.5 0.65625
vt 0 1
vt 0 1
vt 0 0.84375
vt 0 0.84375
vt 0.1875 1
vt 0.5 1
vt 0.5 0.65625
vt 0.1875 0.65625
vt 0 1
vt 0 1
vt 0 0.84375
vt 0 0.84375
vt 0 1
vt 0.1875 1
vt 0.1875 1
vt 0 1
vt 0 1
vt 0.1875 1
vt 0.1875 1
vt 0 1
vn -0.8660254037844388 0 0.49999999999999994
vn -0.49999999999999994 0 -0.8660254037844388
vn 0.8660254037844388 0 -0.49999999999999994
vn 0.49999999999999994 0 0.8660254037844388
vn 0 1 0
vn 0 -1 0
usemtl m_0
f 36/100/25 39/99/25 37/98/25 34/97/25
usemtl none
f 35/104/26 36/103/26 34/102/26 33/101/26
usemtl m_0
f 40/108/27 35/107/27 33/106/27 38/105/27
usemtl none
f 39/112/28 40/111/28 38/110/28 37/109/28
f 38/116/29 33/115/29 34/114/29 37/113/29
f 39/120/30 36/119/30 35/118/30 40/117/30