# Made in Blockbench 4.2.4
mtllib crop_sullenhydrangea_stage1.mtl

o cube_0
v 0.6767766952966369 0.5625 0.32322330470336313
v 0.6767766952966369 0.5625 0.32322330470336313
v 0.6767766952966369 -0.0625 0.32322330470336313
v 0.6767766952966369 -0.0625 0.32322330470336313
v 0.32322330470336313 0.5625 0.6767766952966369
v 0.32322330470336313 0.5625 0.6767766952966369
v 0.32322330470336313 -0.0625 0.6767766952966369
v 0.32322330470336313 -0.0625 0.6767766952966369
vt 0.25 0.8125
vt 0 0.8125
vt 0 0.5
vt 0.25 0.5
vt 0 1
vt 0 1
vt 0 0.6875
vt 0 0.6875
vt 0 0.8125
vt 0.25 0.8125
vt 0.25 0.5
vt 0 0.5
vt 0 1
vt 0 1
vt 0 0.6875
vt 0 0.6875
vt 0 1
vt 0.25 1
vt 0.25 1
vt 0 1
vt 0 1
vt 0.25 1
vt 0.25 1
vt 0 1
vn -0.7071067811865476 0 -0.7071067811865475
vn 0.7071067811865475 0 -0.7071067811865476
vn 0.7071067811865476 0 0.7071067811865475
vn -0.7071067811865475 0 0.7071067811865476
vn 0 1 0
vn 0 -1 0
usemtl m_0
f 4/4/1 7/3/1 5/2/1 2/1/1
usemtl none
f 3/8/2 4/7/2 2/6/2 1/5/2
usemtl m_0
f 8/12/3 3/11/3 1/10/3 6/9/3
usemtl none
f 7/16/4 8/15/4 6/14/4 5/13/4
f 6/20/5 1/19/5 2/18/5 5/17/5
f 7/24/6 4/23/6 3/22/6 8/21/6
o cube_1
v 0.32322330470336313 0.5625 0.3232233047033631
v 0.32322330470336313 0.5625 0.3232233047033631
v 0.32322330470336313 -0.0625 0.3232233047033631
v 0.32322330470336313 -0.0625 0.3232233047033631
v 0.6767766952966369 0.5625 0.676776695296637
v 0.6767766952966369 0.5625 0.676776695296637
v 0.6767766952966369 -0.0625 0.676776695296637
v 0.6767766952966369 -0.0625 0.676776695296637
vt 0.25 0.8125
vt 0 0.8125
vt 0 0.5
vt 0.25 0.5
vt 0 1
vt 0 1
vt 0 0.6875
vt 0 0.6875
vt 0 0.8125
vt 0.25 0.8125
vt 0.25 0.5
vt 0 0.5
vt 0 1
vt 0 1
vt 0 0.6875
vt 0 0.6875
vt 0 1
vt 0.25 1
vt 0.25 1
vt 0 1
vt 0 1
vt 0.25 1
vt 0.25 1
vt 0 1
vn -0.7071067811865477 0 0.7071067811865475
vn -0.7071067811865475 0 -0.7071067811865477
vn 0.7071067811865477 0 -0.7071067811865475
vn 0.7071067811865475 0 0.7071067811865477
vn 0 1 0
vn 0 -1 0
usemtl m_0
f 12/28/7 15/27/7 13/26/7 10/25/7
usemtl none
f 11/32/8 12/31/8 10/30/8 9/29/8
usemtl m_0
f 16/36/9 11/35/9 9/34/9 14/33/9
usemtl none
f 15/40/10 16/39/10 14/38/10 13/37/10
f 14/44/11 9/43/11 10/42/11 13/41/11
f 15/48/12 12/47/12 11/46/12 16/45/12
o cube_2
v 0.5604611906619938 0.564853798602897 0.6537288842589737
v 0.6661157560971687 0.4967207966784459 0.4376386094859818
v 0.5604611906619938 0.564853798602897 0.6537288842589737
v 0.6661157560971687 0.4967207966784459 0.4376386094859818
v 0.4395388093380062 0.4649498561079851 0.33687405950651783
v 0.33388424390283133 0.5330828580324362 0.5529643342795096
v 0.4395388093380062 0.4649498561079851 0.33687405950651783
v 0.33388424390283133 0.5330828580324362 0.5529643342795096
vt 0 1
vt 0.125 1
vt 0.125 1
vt 0 1
vt 0 1
vt 0.125 1
vt 0.125 1
vt 0 1
vt 0 1
vt 0.125 1
vt 0.125 1
vt 0 1
vt 0 1
vt 0.125 1
vt 0.125 1
vt 0 1
vt 0.25 1
vt 0.375 1
vt 0.375 0.875
vt 0.25 0.875
vt 0.375 1
vt 0.25 1
vt 0.25 0.875
vt 0.375 0.875
vn 0.4226182617406995 -0.27253200769780433 -0.8643610990919673
vn 0.90630778703665 0.12708376228184315 0.40305819991785596
vn -0.4226182617406995 0.27253200769780433 0.8643610990919673
vn -0.90630778703665 -0.12708376228184315 -0.40305819991785596
vn 6.938893903907228e-17 0.953716950748227 -0.3007057995042731
vn -6.938893903907228e-17 -0.953716950748227 0.3007057995042731
usemtl m_0
f 20/52/13 23/51/13 21/50/13 18/49/13
usemtl none
f 19/56/14 20/55/14 18/54/14 17/53/14
f 24/60/15 19/59/15 17/58/15 22/57/15
f 23/64/16 24/63/16 22/62/16 21/61/16
usemtl m_0
f 22/68/17 17/67/17 18/66/17 21/65/17
f 23/72/18 20/71/18 19/70/18 24/69/18
o cube_3
v 0.5604611906619938 0.564853798602897 0.6537288842589737
v 0.6661157560971687 0.4967207966784459 0.4376386094859818
v 0.5604611906619938 0.564853798602897 0.6537288842589737
v 0.6661157560971687 0.4967207966784459 0.4376386094859818
v 0.4395388093380062 0.4649498561079851 0.33687405950651783
v 0.33388424390283133 0.5330828580324362 0.5529643342795096
v 0.4395388093380062 0.4649498561079851 0.33687405950651783
v 0.33388424390283133 0.5330828580324362 0.5529643342795096
vt 0 1
vt 0.125 1
vt 0.125 1
vt 0 1
vt 0 1
vt 0.125 1
vt 0.125 1
vt 0 1
vt 0 1
vt 0.125 1
vt 0.125 1
vt 0 1
vt 0 1
vt 0.125 1
vt 0.125 1
vt 0 1
vt 0.25 1
vt 0.375 1
vt 0.375 0.875
vt 0.25 0.875
vt 0.375 1
vt 0.25 1
vt 0.25 0.875
vt 0.375 0.875
vn 0.4226182617406995 -0.27253200769780433 -0.8643610990919673
vn 0.90630778703665 0.12708376228184315 0.40305819991785596
vn -0.4226182617406995 0.27253200769780433 0.8643610990919673
vn -0.90630778703665 -0.12708376228184315 -0.40305819991785596
vn 6.938893903907228e-17 0.953716950748227 -0.3007057995042731
vn -6.938893903907228e-17 -0.953716950748227 0.3007057995042731
usemtl m_0
f 28/76/19 31/75/19 29/74/19 26/73/19
usemtl none
f 27/80/20 28/79/20 26/78/20 25/77/20
f 32/84/21 27/83/21 25/82/21 30/81/21
f 31/88/22 32/87/22 30/86/22 29/85/22
usemtl m_0
f 30/92/23 25/91/23 26/90/23 29/89/23
f 31/96/24 28/95/24 27/94/24 32/93/24
o cube_4
v 0.694341355034686 0.3978795379618094 0.5
v 0.694341355034686 0.3978795379618094 0.3125
v 0.694341355034686 0.3978795379618094 0.5
v 0.694341355034686 0.3978795379618094 0.3125
v 0.524408644965314 0.4771204620381906 0.3125
v 0.524408644965314 0.4771204620381906 0.5
v 0.524408644965314 0.4771204620381906 0.3125
v 0.524408644965314 0.4771204620381906 0.5
vt 0 1
vt 0.125 1
vt 0.125 1
vt 0 1
vt 0 1
vt 0.125 1
vt 0.125 1
vt 0 1
vt 0 1
vt 0.125 1
vt 0.125 1
vt 0 1
vt 0 1
vt 0.125 1
vt 0.125 1
vt 0 1
vt 0.375 1
vt 0.46875 1
vt 0.46875 0.90625
vt 0.375 0.90625
vt 0.46875 1
vt 0.375 1
vt 0.375 0.90625
vt 0.46875 0.90625
vn 0 0 -1
vn 0.9063077870366499 -0.42261826174069944 0
vn 0 0 1
vn -0.9063077870366499 0.42261826174069944 0
vn 0.42261826174069944 0.9063077870366499 0
vn -0.42261826174069944 -0.9063077870366499 0
usemtl m_0
f 36/100/25 39/99/25 37/98/25 34/97/25
usemtl none
f 35/104/26 36/103/26 34/102/26 33/101/26
f 40/108/27 35/107/27 33/106/27 38/105/27
f 39/112/28 40/111/28 38/110/28 37/109/28
usemtl m_0
f 38/116/29 33/115/29 34/114/29 37/113/29
f 39/120/30 36/119/30 35/118/30 40/117/30