# Made in Blockbench 4.3.1
mtllib deadwood_twister.mtl

o cube0
v 0.19064078323088546 1.5 0.8093592167691145
v 0.8093592167691146 1.5 0.1906407832308855
v 0.19064078323088546 0 0.8093592167691145
v 0.8093592167691146 0 0.1906407832308855
v 0.8093592167691146 1.5 0.1906407832308855
v 0.19064078323088546 1.5 0.8093592167691145
v 0.8093592167691146 0 0.1906407832308855
v 0.19064078323088546 0 0.8093592167691145
vt 0 1
vt 0 1
vt 0 0.25
vt 0 0.25
vt 0.4375 1
vt 0 1
vt 0 0.25
vt 0.4375 0.25
vt 0 1
vt 0 1
vt 0 0.25
vt 0 0.25
vt 0 1
vt 0.4375 1
vt 0.4375 0.25
vt 0 0.25
vt 0 1
vt 0 1
vt 0 0.5625
vt 0 0.5625
vt 0 1
vt 0 1
vt 0 0.5625
vt 0 0.5625
vn 0.7071067811865476 0 -0.7071067811865475
vn 0.7071067811865475 0 0.7071067811865476
vn -0.7071067811865476 0 0.7071067811865475
vn -0.7071067811865475 0 -0.7071067811865476
vn 0 1 0
vn 0 -1 0
usemtl none
f 4/4/1 7/3/1 5/2/1 2/1/1
usemtl m_0
f 3/8/2 4/7/2 2/6/2 1/5/2
usemtl none
f 8/12/3 3/11/3 1/10/3 6/9/3
usemtl m_0
f 7/16/4 8/15/4 6/14/4 5/13/4
usemtl none
f 6/20/5 1/19/5 2/18/5 5/17/5
f 7/24/6 4/23/6 3/22/6 8/21/6
o cube1
v 0.1906407832308854 1.5 0.1906407832308855
v 0.8093592167691146 1.5 0.8093592167691145
v 0.1906407832308854 0 0.1906407832308855
v 0.8093592167691146 0 0.8093592167691145
v 0.8093592167691146 1.5 0.8093592167691145
v 0.1906407832308854 1.5 0.1906407832308855
v 0.8093592167691146 0 0.8093592167691145
v 0.1906407832308854 0 0.1906407832308855
vt 0 1
vt 0 1
vt 0 0.25
vt 0 0.25
vt 0.4375 1
vt 0 1
vt 0 0.25
vt 0.4375 0.25
vt 0 1
vt 0 1
vt 0 0.25
vt 0 0.25
vt 0 1
vt 0.4375 1
vt 0.4375 0.25
vt 0 0.25
vt 0 1
vt 0 1
vt 0 0.5625
vt 0 0.5625
vt 0 1
vt 0 1
vt 0 0.5625
vt 0 0.5625
vn 0.7071067811865477 0 0.7071067811865475
vn -0.7071067811865475 0 0.7071067811865477
vn -0.7071067811865477 0 -0.7071067811865475
vn 0.7071067811865475 0 -0.7071067811865477
vn 0 1 0
vn 0 -1 0
usemtl none
f 12/28/7 15/27/7 13/26/7 10/25/7
usemtl m_0
f 11/32/8 12/31/8 10/30/8 9/29/8
usemtl none
f 16/36/9 11/35/9 9/34/9 14/33/9
usemtl m_0
f 15/40/10 16/39/10 14/38/10 13/37/10
usemtl none
f 14/44/11 9/43/11 10/42/11 13/41/11
f 15/48/12 12/47/12 11/46/12 16/45/12
o cube5
v 0.7384292376870567 1.5 0.42482355012393175
v 0.7384292376870567 1.5 0.42482355012393175
v 0.7384292376870567 0 0.42482355012393175
v 0.7384292376870567 0 0.42482355012393175
v 0.2615707623129433 1.5 0.5751764498760683
v 0.2615707623129433 1.5 0.5751764498760683
v 0.2615707623129433 0 0.5751764498760683
v 0.2615707623129433 0 0.5751764498760683
vt 0.53125 1
vt 0.78125 1
vt 0.78125 0.25
vt 0.53125 0.25
vt 0 1
vt 0 1
vt 0 0.25
vt 0 0.25
vt 0.53125 1
vt 0.78125 1
vt 0.78125 0.25
vt 0.53125 0.25
vt 0 1
vt 0 1
vt 0 0.25
vt 0 0.25
vt 0 1
vt 0.25 1
vt 0.25 1
vt 0 1
vt 0 1
vt 0.25 1
vt 0.25 1
vt 0 1
vn -0.30070579950427306 0 -0.9537169507482269
vn 0.9537169507482269 0 -0.30070579950427306
vn 0.30070579950427306 0 0.9537169507482269
vn -0.9537169507482269 0 0.30070579950427306
vn 0 1 0
vn 0 -1 0
usemtl m_0
f 20/52/13 23/51/13 21/50/13 18/49/13
usemtl none
f 19/56/14 20/55/14 18/54/14 17/53/14
usemtl m_0
f 24/60/15 19/59/15 17/58/15 22/57/15
usemtl none
f 23/64/16 24/63/16 22/62/16 21/61/16
f 22/68/17 17/67/17 18/66/17 21/65/17
f 23/72/18 20/71/18 19/70/18 24/69/18
o cube2
v 0.7165063509461097 1.5 0.625
v 0.7165063509461097 1.5 0.625
v 0.7165063509461097 0 0.625
v 0.7165063509461097 0 0.625
v 0.2834936490538903 1.5 0.375
v 0.2834936490538903 1.5 0.375
v 0.2834936490538903 0 0.375
v 0.2834936490538903 0 0.375
vt 0.53125 1
vt 0.78125 1
vt 0.78125 0.25
vt 0.53125 0.25
vt 0 1
vt 0 1
vt 0 0.25
vt 0 0.25
vt 0.53125 1
vt 0.78125 1
vt 0.78125 0.25
vt 0.53125 0.25
vt 0 1
vt 0 1
vt 0 0.25
vt 0 0.25
vt 0 1
vt 0.25 1
vt 0.25 1
vt 0 1
vt 0 1
vt 0.25 1
vt 0.25 1
vt 0 1
vn 0.49999999999999994 0 -0.8660254037844387
vn 0.8660254037844387 0 0.49999999999999994
vn -0.49999999999999994 0 0.8660254037844387
vn -0.8660254037844387 0 -0.49999999999999994
vn 0 1 0
vn 0 -1 0
usemtl m_0
f 28/76/19 31/75/19 29/74/19 26/73/19
usemtl none
f 27/80/20 28/79/20 26/78/20 25/77/20
usemtl m_0
f 32/84/21 27/83/21 25/82/21 30/81/21
usemtl none
f 31/88/22 32/87/22 30/86/22 29/85/22
f 30/92/23 25/91/23 26/90/23 29/89/23
f 31/96/24 28/95/24 27/94/24 32/93/24
o cube3
v 0.44589009651547434 1.5 0.7440740017799833
v 0.44589009651547434 1.5 0.7440740017799833
v 0.44589009651547434 0 0.7440740017799833
v 0.44589009651547434 0 0.7440740017799833
v 0.5541099034845256 1.5 0.2559259982200167
v 0.5541099034845256 1.5 0.2559259982200167
v 0.5541099034845256 0 0.2559259982200167
v 0.5541099034845256 0 0.2559259982200167
vt 0.53125 1
vt 0.78125 1
vt 0.78125 0.25
vt 0.53125 0.25
vt 0 1
vt 0 1
vt 0 0.25
vt 0 0.25
vt 0.53125 1
vt 0.78125 1
vt 0.78125 0.25
vt 0.53125 0.25
vt 0 1
vt 0 1
vt 0 0.25
vt 0 0.25
vt 0 1
vt 0.25 1
vt 0.25 1
vt 0 1
vt 0 1
vt 0.25 1
vt 0.25 1
vt 0 1
vn 0.9762960071199335 0 0.21643961393810265
vn -0.21643961393810265 0 0.9762960071199335
vn -0.9762960071199335 0 -0.21643961393810265
vn 0.21643961393810265 0 -0.9762960071199335
vn 0 1 0
vn 0 -1 0
usemtl m_0
f 36/100/25 39/99/25 37/98/25 34/97/25
usemtl none
f 35/104/26 36/103/26 34/102/26 33/101/26
usemtl m_0
f 40/108/27 35/107/27 33/106/27 38/105/27
usemtl none
f 39/112/28 40/111/28 38/110/28 37/109/28
f 38/116/29 33/115/29 34/114/29 37/113/29
f 39/120/30 36/119/30 35/118/30 40/117/30
o cube4
v 0.5751764498760683 1.5 0.7384292376870567
v 0.5751764498760683 1.5 0.7384292376870567
v 0.5751764498760683 0 0.7384292376870567
v 0.5751764498760683 0 0.7384292376870567
v 0.4248235501239317 1.5 0.2615707623129433
v 0.4248235501239317 1.5 0.2615707623129433
v 0.4248235501239317 0 0.2615707623129433
v 0.4248235501239317 0 0.2615707623129433
vt 0.53125 1
vt 0.78125 1
vt 0.78125 0.25
vt 0.53125 0.25
vt 0 1
vt 0 1
vt 0 0.25
vt 0 0.25
vt 0.53125 1
vt 0.78125 1
vt 0.78125 0.25
vt 0.53125 0.25
vt 0 1
vt 0 1
vt 0 0.25
vt 0 0.25
vt 0 1
vt 0.25 1
vt 0.25 1
vt 0 1
vt 0 1
vt 0.25 1
vt 0.25 1
vt 0 1
vn 0.9537169507482269 0 -0.30070579950427323
vn 0.30070579950427323 0 0.9537169507482269
vn -0.9537169507482269 0 0.30070579950427323
vn -0.30070579950427323 0 -0.9537169507482269
vn 0 1 0
vn 0 -1 0
usemtl m_0
f 44/124/31 47/123/31 45/122/31 42/121/31
usemtl none
f 43/128/32 44/127/32 42/126/32 41/125/32
usemtl m_0
f 48/132/33 43/131/33 41/130/33 46/129/33
usemtl none
f 47/136/34 48/135/34 46/134/34 45/133/34
f 46/140/35 41/139/35 42/138/35 45/137/35
f 47/144/36 44/143/36 43/142/36 48/141/36