# Made in Blockbench 4.3.0
mtllib text_plant_1.mtl

o cube2
v 0.2338253001835764 0.5770145654396021 0.1983244716011741
v 0.08952885854762888 0.577014565439602 0.4755153569693686
v 0.2338253001835764 0.5770145654396021 0.1983244716011741
v 0.08952885854762888 0.577014565439602 0.4755153569693686
v 0.28553241327458223 0.7979854345603979 0.5775483493512361
v 0.42982885491052975 0.797985434560398 0.3003574639830416
v 0.28553241327458223 0.7979854345603979 0.5775483493512361
v 0.42982885491052975 0.797985434560398 0.3003574639830416
vt 0 1
vt 0.15625 1
vt 0.15625 1
vt 0 1
vt 0 1
vt 0.15625 1
vt 0.15625 1
vt 0 1
vt 0 1
vt 0.15625 1
vt 0.15625 1
vt 0 1
vt 0 1
vt 0.15625 1
vt 0.15625 1
vt 0 1
vt 0 0.5
vt 0.15625 0.5
vt 0.15625 0.34375
vt 0 0.34375
vt 0 0.5
vt 0.15625 0.5
vt 0.15625 0.34375
vt 0 0.34375
vn -0.4617486132350323 -1.6653345369377356e-16 0.8870108331782226
vn -0.6272113751262509 -0.707106781186547 -0.3265055756219761
vn 0.4617486132350323 1.6653345369377356e-16 -0.8870108331782226
vn 0.6272113751262509 0.707106781186547 0.3265055756219761
vn -0.6272113751262504 0.7071067811865478 -0.32650557562197535
vn 0.6272113751262504 -0.7071067811865478 0.32650557562197535
usemtl none
f 4/4/1 7/3/1 5/2/1 2/1/1
f 3/8/2 4/7/2 2/6/2 1/5/2
f 8/12/3 3/11/3 1/10/3 6/9/3
f 7/16/4 8/15/4 6/14/4 5/13/4
usemtl m_0
f 6/20/5 1/19/5 2/18/5 5/17/5
f 7/24/6 4/23/6 3/22/6 8/21/6
o cube3
v 0.7321364574282876 0.7849811769548886 0.4358442079978929
v 0.6000682506343189 0.7849811769548884 0.7190653914468459
v 0.7321364574282876 0.7849811769548886 0.4358442079978929
v 0.6000682506343189 0.7849811769548884 0.7190653914468459
v 0.7084523052350671 0.49626882304511144 0.7696057061290643
v 0.8405205120290358 0.4962688230451115 0.4863845226801113
v 0.7084523052350671 0.49626882304511144 0.7696057061290643
v 0.8405205120290358 0.4962688230451115 0.4863845226801113
vt 0 1
vt 0.15625 1
vt 0.15625 1
vt 0 1
vt 0 1
vt 0.15625 1
vt 0.15625 1
vt 0 1
vt 0 1
vt 0.15625 1
vt 0.15625 1
vt 0 1
vt 0 1
vt 0.15625 1
vt 0.15625 1
vt 0 1
vt 0 0.5
vt 0.15625 0.5
vt 0.15625 0.34375
vt 0 0.34375
vt 0 0.5
vt 0.15625 0.5
vt 0.15625 0.34375
vt 0 0.34375
vn -0.4226182617406997 -2.4980018054066027e-16 0.9063077870366498
vn -0.34682897472239443 0.9238795325112865 -0.16172900698309883
vn 0.4226182617406997 2.4980018054066027e-16 -0.9063077870366498
vn 0.34682897472239443 -0.9238795325112865 0.16172900698309883
vn 0.8373192145987588 0.38268343236509 0.39044836208773026
vn -0.8373192145987588 -0.38268343236509 -0.39044836208773026
usemtl none
f 12/28/7 15/27/7 13/26/7 10/25/7
f 11/32/8 12/31/8 10/30/8 9/29/8
f 16/36/9 11/35/9 9/34/9 14/33/9
f 15/40/10 16/39/10 14/38/10 13/37/10
usemtl m_0
f 14/44/11 9/43/11 10/42/11 13/41/11
f 15/48/12 12/47/12 11/46/12 16/45/12
o cube4
v 0.37857341942427386 0.5207832346706593 0.24223099395344833
v 0.4711353359011563 0.6770332346706592 0.4965427693751276
v 0.37857341942427386 0.5207832346706593 0.24223099395344833
v 0.4711353359011563 0.6770332346706592 0.4965427693751276
v 0.7521674350201535 0.5417167653293407 0.47739433889714417
v 0.659605518543271 0.38546676532934077 0.2230825634754649
v 0.7521674350201535 0.5417167653293407 0.47739433889714417
v 0.659605518543271 0.38546676532934077 0.2230825634754649
vt 0 1
vt 0.15625 1
vt 0.15625 1
vt 0 1
vt 0 1
vt 0.15625 1
vt 0.15625 1
vt 0 1
vt 0 1
vt 0.15625 1
vt 0.15625 1
vt 0 1
vt 0 1
vt 0.15625 1
vt 0.15625 1
vt 0 1
vt 0 0.5
vt 0.15625 0.5
vt 0.15625 0.34375
vt 0 0.34375
vt 0 0.5
vt 0.15625 0.5
vt 0.15625 0.34375
vt 0 0.34375
vn 0.29619813272602397 0.4999999999999996 0.8137976813493739
vn -0.8993027171807909 0.43301270189221913 0.061274977529546984
vn -0.29619813272602397 -0.4999999999999996 -0.8137976813493739
vn 0.8993027171807909 -0.43301270189221913 -0.061274977529546984
vn 0.3217472440299422 0.7500000000000001 -0.5779089123375211
vn -0.3217472440299422 -0.7500000000000001 0.5779089123375211
usemtl none
f 20/52/13 23/51/13 21/50/13 18/49/13
f 19/56/14 20/55/14 18/54/14 17/53/14
f 24/60/15 19/59/15 17/58/15 22/57/15
f 23/64/16 24/63/16 22/62/16 21/61/16
usemtl m_0
f 22/68/17 17/67/17 18/66/17 21/65/17
f 23/72/18 20/71/18 19/70/18 24/69/18
o cube0
v 0.34151815184723777 1 0.8398654201387437
v 0.34151815184723777 1 0.8398654201387437
v 0.34151815184723777 0 0.8398654201387437
v 0.34151815184723777 0 0.8398654201387437
v 0.6584818481527622 1 0.1601345798612563
v 0.6584818481527622 1 0.1601345798612563
v 0.6584818481527622 0 0.1601345798612563
v 0.6584818481527622 0 0.1601345798612563
vt 0.75 1
vt 0.375 1
vt 0.375 0.5
vt 0.75 0.5
vt 0 1
vt 0 1
vt 0 0.5
vt 0 0.5
vt 0.375 1
vt 0.75 1
vt 0.75 0.5
vt 0.375 0.5
vt 0 1
vt 0 1
vt 0 0.5
vt 0 0.5
vt 0 1
vt 0.375 1
vt 0.375 1
vt 0 1
vt 0 1
vt 0.375 1
vt 0.375 1
vt 0 1
vn 0.9063077870366502 0 0.42261826174069933
vn -0.42261826174069933 0 0.9063077870366502
vn -0.9063077870366502 0 -0.42261826174069933
vn 0.42261826174069933 0 -0.9063077870366502
vn 0 1 0
vn 0 -1 0
usemtl m_0
f 28/76/19 31/75/19 29/74/19 26/73/19
usemtl none
f 27/80/20 28/79/20 26/78/20 25/77/20
usemtl m_0
f 32/84/21 27/83/21 25/82/21 30/81/21
usemtl none
f 31/88/22 32/87/22 30/86/22 29/85/22
f 30/92/23 25/91/23 26/90/23 29/89/23
f 31/96/24 28/95/24 27/94/24 32/93/24
o cube1
v 0.8398654201387437 1 0.6584818481527623
v 0.8398654201387437 1 0.6584818481527623
v 0.8398654201387437 0 0.6584818481527623
v 0.8398654201387437 0 0.6584818481527623
v 0.1601345798612563 1 0.34151815184723766
v 0.1601345798612563 1 0.34151815184723766
v 0.1601345798612563 0 0.34151815184723766
v 0.1601345798612563 0 0.34151815184723766
vt 0.375 1
vt 0 1
vt 0 0.5
vt 0.375 0.5
vt 0 1
vt 0 1
vt 0 0.5
vt 0 0.5
vt 0 1
vt 0.375 1
vt 0.375 0.5
vt 0 0.5
vt 0 1
vt 0 1
vt 0 0.5
vt 0 0.5
vt 0 1
vt 0.375 1
vt 0.375 1
vt 0 1
vt 0 1
vt 0.375 1
vt 0.375 1
vt 0 1
vn 0.4226182617406995 0 -0.9063077870366499
vn 0.9063077870366499 0 0.4226182617406995
vn -0.4226182617406995 0 0.9063077870366499
vn -0.9063077870366499 0 -0.4226182617406995
vn 0 1 0
vn 0 -1 0
usemtl m_0
f 36/100/25 39/99/25 37/98/25 34/97/25
usemtl none
f 35/104/26 36/103/26 34/102/26 33/101/26
usemtl m_0
f 40/108/27 35/107/27 33/106/27 38/105/27
usemtl none
f 39/112/28 40/111/28 38/110/28 37/109/28
f 38/116/29 33/115/29 34/114/29 37/113/29
f 39/120/30 36/119/30 35/118/30 40/117/30